-77 42 661 
35 247 952 
-81 354 528 
16 352 159 
-72 256 272 
-14 83 578 
21 14 744 
-62 186 147 
21 153 484 
-32 59 917 
-3 94 15 
-21 88 179 
14 53 455 
-69 219 347 
-74 189 348 
-51 136 194 
-3 78 561 
56 140 727 
21 206 71 
36 147 424 
4 227 686 
-71 75 924 
-20 85 691 
60 275 294 
68 51 632 
41 126 35 
-38 3 378 
57 139 358 
12 195 792 
-41 299 823 
-86 57 156 
-37 108 513 
0 339 573 
-61 67 252 
72 355 960 
-83 5 350 
49 108 961 
19 168 884 
-71 12 686 
-11 108 182 
-10 337 257 
-64 325 281 
0 78 838 
-53 207 49 
-53 286 234 
-19 86 265 
-43 92 918 
29 166 531 
46 158 280 
-18 332 328 
71 212 583 
-4 57 526 
-14 258 1 
55 349 219 
-13 210 182 
-68 160 409 
-40 187 813 
-63 38 286 
87 102 554 
-12 233 865 
10 90 325 
-38 215 644 
-90 28 435 
-23 63 382 
-20 182 880 
-49 21 565 
66 28 997 
-29 210 617 
-12 171 208 
-44 322 299 
77 252 608 
-50 105 212 
6 62 756 
90 7 263 
-58 238 748 
86 354 483 
-39 133 503 
89 235 135 
14 324 561 
-43 220 128 
-17 103 42 
37 300 674 
-41 210 740 
46 234 977 
-48 322 570 
37 359 342 
50 326 755 
36 71 135 
4 135 372 
-87 349 714 
-90 275 746 
-27 190 690 
-41 337 732 
-81 179 846 
69 199 607 
49 344 232 
-41 28 443 
75 269 42 
-36 264 849 
23 130 740 
-76 155 409 
61 27 475 
-81 221 940 
-24 299 332 
-74 50 205 
74 124 241 
-10 346 648 
-6 102 755 
5 276 182 
45 348 197 
-42 56 343 
-82 166 17 
41 7 601 
-9 218 278 
73 310 487 
10 116 830 
61 6 347 
-34 42 58 
-35 308 491 
-7 4 815 
-24 336 582 
84 121 476 
15 266 163 
85 352 246 
-70 269 85 
1 209 171 
85 330 71 
24 38 369 
1 314 520 
74 105 752 
27 173 818 
-46 81 701 
-61 234 721 
-49 233 710 
42 83 345 
23 230 238 
-56 176 144 
88 127 619 
-22 120 706 
71 44 171 
-59 342 135 
86 57 65 
24 274 105 
66 197 233 
5 207 49 
26 308 642 
21 306 181 
14 90 682 
-43 62 932 
-86 154 238 
78 255 421 
62 226 986 
-83 288 740 
21 216 27 
-12 178 262 
-80 265 57 
29 318 208 
84 320 267 
-3 200 458 
-53 160 281 
27 296 890 
36 238 405 
13 210 283 
32 238 290 
41 292 847 
58 265 371 
53 61 460 
21 121 566 
-64 227 645 
57 156 997 
-62 44 964 
0 350 991 
6 128 635 
25 307 976 
-78 312 884 
-70 181 59 
52 208 932 
19 98 285 
8 8 700 
-54 32 602 
-32 216 227 
-46 250 340 
-54 78 261 
76 268 918 
63 226 949 
-15 200 798 
-39 192 242 
-36 248 994 
-57 113 857 
-72 125 384 
33 33 6 
37 20 187 
84 194 26 
90 176 497 
-49 141 147 
75 196 62 
-1 296 545 
-66 342 724 
25 165 150 
-4 204 846 
-20 193 656 
34 84 417 
45 177 962 
78 33 77 
46 152 992 
-26 104 738 
54 358 110 
33 159 160 
-84 171 155 
-40 300 406 
12 166 358 
8 177 534 
72 86 93 
66 210 991 
70 231 862 
-69 90 245 
-29 333 235 
42 227 9 
-33 318 690 
-14 176 818 
33 280 938 
84 294 843 
86 89 12 
-16 245 106 
30 3 438 
62 146 309 
4 111 70 
57 114 134 
19 225 900 
-32 233 608 
55 196 879 
-55 84 696 
54 148 207 
-63 211 826 
-62 238 671 
-38 176 937 
-82 358 937 
-15 106 418 
-32 60 221 
69 253 626 
-1 267 944 
40 281 432 
89 152 804 
3 59 352 
88 60 855 
56 335 532 
86 264 231 
-31 27 152 
71 119 613 
-10 9 293 
-48 192 444 
20 305 361 
-75 324 951 
-69 206 903 
88 127 979 
48 64 135 
40 267 891 
-32 66 692 
78 93 596 
-9 122 743 
-9 124 264 
5 184 666 
-57 115 348 
-41 240 571 
-6 17 383 
74 62 31 
-55 284 890 
5 242 284 
19 353 935 
26 100 907 
-83 246 418 
7 254 535 
-72 29 897 
82 31 59 
67 162 6 
33 146 375 
-57 309 801 
84 359 122 
-70 68 457 
38 261 703 
86 355 553 
-90 60 755 
-77 329 740 
-2 198 868 
54 101 175 
-44 251 714 
-34 301 683 
14 171 577 
1 344 871 
-6 182 78 
72 106 947 
-36 275 884 
53 135 130 
-84 241 793 
-69 334 520 
12 177 645 
-79 105 471 
54 153 657 
14 212 146 
26 197 266 
74 333 651 
17 354 875 
-57 85 389 
79 124 208 
9 126 428 
47 333 886 
-38 276 433 
34 198 879 
-75 101 670 
4 86 351 
21 346 286 
71 139 206 
-60 351 138 
77 84 449 
-70 71 26 
60 242 665 
33 120 62 
-77 23 308 
-48 261 315 
23 76 151 
27 167 269 
17 224 194 
-72 307 40 
-89 187 937 
-68 235 129 
-84 157 275 
76 217 98 
26 166 941 
29 99 97 
-89 183 859 
-17 203 134 
-64 176 313 
60 255 732 
-65 61 763 
-60 140 867 
-78 23 719 
29 49 250 
27 5 216 
-18 152 980 
40 48 988 
40 178 312 
-50 36 612 
34 216 918 
-70 47 71 
-67 53 986 
8 227 453 
-90 115 70 
14 136 915 
-48 143 143 
-69 166 245 
36 42 524 
-82 81 9 
33 121 18 
69 53 767 
11 151 813 
-54 269 996 
1 71 410 
62 131 604 
80 55 968 
-52 232 416 
-90 72 971 
44 70 793 
-14 85 341 
28 104 507 
-80 244 36 
25 109 169 
-60 233 721 
-75 84 959 
8 78 698 
-82 40 448 
-3 94 308 
-71 68 563 
-64 313 44 
53 261 356 
25 271 513 
60 157 425 
-60 329 959 
-40 166 887 
-19 131 874 
35 250 480 
-38 226 271 
-6 221 99 
67 269 47 
9 245 374 
-40 324 936 
83 138 314 
-64 112 449 
-24 155 822 
36 85 96 
-27 179 24 
60 33 584 
54 104 305 
-55 277 624 
31 14 225 
-42 136 292 
-54 76 249 
-75 329 600 
-11 253 531 
-73 53 761 
-19 194 51 
53 10 482 
-33 289 365 
-90 103 883 
62 103 609 
-15 129 577 
33 294 354 
-70 173 482 
39 12 854 
-32 293 921 
-50 57 877 
78 144 471 
-87 280 800 
13 347 668 
-77 41 314 
-56 304 623 
11 213 756 
40 121 890 
10 243 436 
-49 229 745 
-75 63 83 
21 5 686 
29 165 238 
89 91 32 
-79 162 587 
74 45 863 
48 190 834 
64 328 623 
32 299 647 
80 346 565 
-7 353 639 
74 254 164 
-51 219 214 
21 266 823 
-1 33 263 
76 46 570 
-70 15 452 
-74 69 551 
46 43 15 
-86 360 352 
11 35 130 
52 39 891 
3 252 887 
61 263 972 
68 173 789 
-7 276 114 
68 25 273 
-21 26 82 
56 299 111 
48 130 138 
41 350 343 
-5 120 871 
-4 26 721 
42 325 409 
-64 221 82 
-48 351 397 
73 67 848 
-83 255 21 
-50 115 910 
38 272 475 
-18 68 463 
-33 304 470 
-37 211 23 
3 298 321 
-6 204 360 
-55 164 904 
-43 26 711 
-78 74 438 
-14 152 133 
6 65 534 
87 74 990 
47 179 426 
19 330 396 
-52 127 502 
22 272 581 
90 161 890 
28 158 27 
3 203 542 
-83 348 715 
-36 186 398 
70 207 807 
-3 350 557 
-13 129 772 
19 321 848 
-35 330 287 
-28 298 364 
33 201 830 
-1 94 892 
53 79 759 
66 307 763 
-17 48 645 
7 89 645 
-28 301 358 
47 178 738 
5 140 506 
44 309 872 
22 143 552 
-49 82 416 
76 354 466 
76 295 700 
70 336 223 
-23 152 217 
-70 257 515 
-24 261 991 
-65 0 851 
-25 150 133 
-19 173 909 
17 128 617 
-86 24 753 
-62 49 362 
-79 8 245 
60 33 592 
15 89 169 
-86 105 39 
4 18 938 
13 71 473 
-59 312 494 
-78 6 183 
-19 51 123 
-2 28 316 
-85 141 694 
22 212 2 
-17 22 56 
69 53 378 
59 1 832 
75 70 707 
-13 24 270 
-20 166 928 
5 28 906 
31 299 711 
-2 255 73 
75 136 943 
-19 274 553 
56 155 229 
10 207 577 
24 83 390 
-4 232 744 
-90 134 44 
-43 180 931 
66 117 995 
-1 233 116 
65 154 840 
-7 338 811 
-73 167 449 
-80 85 473 
84 167 569 
-65 68 897 
78 306 441 
52 257 468 
-79 346 858 
-29 246 403 
-8 108 929 
-15 100 365 
87 210 429 
-57 5 553 
36 48 205 
74 170 180 
0 75 523 
74 293 375 
62 168 281 
-51 355 821 
-5 290 748 
-22 237 389 
-3 76 774 
-76 197 366 
-24 96 352 
-81 166 926 
13 256 16 
88 128 779 
44 8 697 
-85 325 184 
68 3 314 
37 109 951 
-82 147 832 
7 259 347 
29 197 624 
10 30 742 
66 167 451 
-3 351 968 
-61 146 165 
-1 282 851 
-20 193 281 
-27 156 234 
38 279 218 
49 205 937 
-55 157 256 
-85 114 450 
48 189 7 
-30 262 481 
64 326 71 
12 162 218 
-7 82 440 
-40 297 479 
46 220 732 
-61 288 90 
66 216 37 
-78 244 442 
-51 358 689 
80 68 712 
-9 354 165 
49 271 200 
5 214 375 
6 317 669 
31 2 668 
66 333 190 
86 304 208 
1 254 62 
-73 335 721 
39 343 591 
66 28 754 
-43 246 604 
15 80 749 
21 58 840 
-23 249 444 
7 98 230 
51 228 644 
-30 105 733 
-8 343 412 
-78 152 248 
-6 70 958 
10 236 973 
18 174 876 
31 169 350 
28 332 613 
-27 255 861 
-38 184 788 
58 350 935 
-47 342 723 
12 332 539 
-6 315 793 
-86 280 714 
-58 290 959 
-7 164 606 
45 239 823 
73 46 840 
75 76 218 
-4 255 839 
-1 336 958 
19 39 438 
-58 99 534 
-40 324 746 
48 303 621 
-31 188 196 
-87 297 198 
32 247 575 
-53 29 697 
-35 314 326 
37 177 802 
34 22 967 
31 101 835 
0 354 470 
27 130 410 
-40 349 490 
28 339 972 
51 359 232 
-16 36 670 
30 232 884 
-17 2 464 
-88 229 889 
57 283 418 
26 180 900 
37 348 807 
-18 211 22 
86 25 214 
76 252 562 
-30 10 508 
-28 295 234 
-26 293 853 
-74 217 560 
20 119 759 
-64 332 195 
-28 273 689 
-71 110 266 
-26 249 743 
-35 297 476 
3 262 288 
14 306 249 
88 270 106 
-45 359 454 
79 159 749 
-71 312 424 
-32 296 424 
-85 46 138 
-40 197 340 
36 301 765 
-31 337 236 
72 167 802 
-15 109 320 
-49 317 633 
6 97 151 
-27 83 193 
35 306 352 
51 0 724 
-77 108 18 
12 272 643 
-28 242 648 
-49 332 418 
-66 38 340 
14 135 851 
27 226 751 
-66 98 686 
78 159 473 
-41 82 847 
46 26 650 
78 267 881 
-69 50 480 
12 43 563 
-26 25 701 
-70 83 409 
34 84 221 
-45 332 378 
23 58 872 
53 113 671 
-12 232 985 
-39 80 109 
-48 186 58 
-72 42 944 
4 31 943 
25 53 882 
66 341 466 
-20 223 765 
42 170 585 
-14 39 660 
68 117 622 
-62 23 156 
54 310 267 
72 298 952 
-16 315 344 
-9 94 512 
-42 290 227 
43 307 458 
30 2 505 
-81 65 161 
-63 65 621 
-56 246 363 
-3 254 961 
48 77 39 
-42 52 955 
-33 253 959 
35 68 175 
-74 343 202 
18 157 213 
33 241 108 
-48 291 544 
52 92 365 
-7 22 822 
-62 34 456 
27 297 977 
33 62 498 
-9 199 489 
6 188 619 
-7 8 223 
44 84 271 
29 350 974 
-89 295 404 
-11 193 184 
5 166 880 
86 331 775 
-20 216 29 
-27 17 131 
54 193 835 
-35 253 626 
-72 310 481 
61 289 600 
0 249 742 
87 125 825 
25 208 613 
84 80 556 
33 92 733 
-38 217 248 
73 313 120 
-1 249 171 
-73 293 957 
60 244 464 
54 258 195 
88 149 820 
58 12 99 
-4 54 840 
-8 134 949 
23 182 952 
-55 126 519 
-85 230 60 
84 51 768 
-56 254 855 
73 35 920 
89 243 57 
-4 83 132 
-70 91 196 
24 196 675 
-58 149 332 
84 278 353 
-59 269 193 
50 249 418 
80 157 943 
83 2 785 
30 103 352 
-19 183 987 
13 35 67 
-10 168 615 
8 258 288 
7 338 522 
-62 268 810 
4 200 674 
-3 270 923 
-72 268 188 
-17 333 200 
-27 172 595 
9 222 998 
86 63 797 
-36 47 779 
-47 252 298 
21 55 843 
-46 23 50 
-60 349 759 
3 51 592 
73 4 990 
-87 104 771 
62 119 858 
-79 206 516 
6 5 929 
73 124 111 
12 246 767 
-7 203 603 
-52 70 911 
88 282 143 
-81 112 48 
-36 145 584 
79 213 799 
20 230 224 
24 235 53 
-32 199 285 
65 113 592 
32 352 319 
5 204 742 
54 63 610 
54 30 420 
4 53 363 
21 218 421 
-55 56 372 
78 198 385 
70 317 706 
75 114 425 
74 137 322 
39 353 574 
71 325 3 
63 117 694 
11 337 320 
57 99 324 
49 207 215 
-1 83 78 
-36 92 156 
-43 21 905 
-32 114 6 
3 67 545 
-37 229 292 
-6 255 875 
-17 1 409 
4 113 656 
-67 225 126 
-2 29 236 
-30 63 978 
77 64 623 
75 182 779 
-17 328 511 
-52 315 630 
-70 262 593 
27 266 871 
13 323 758 
-6 45 909 
-51 131 453 
-1 93 536 
41 324 465 
12 314 759 
-86 193 100 
-2 211 526 
81 204 116 
80 335 752 
12 160 245 
35 159 328 
27 208 477 
-50 110 462 
-52 73 809 
6 114 298 
-76 306 192 
42 151 836 
-27 3 128 
-85 145 843 
25 79 513 
51 91 748 
34 159 865 
-42 180 789 
-81 245 575 
40 340 703 
57 217 893 
-76 276 965 
17 325 739 
-7 74 395 
71 102 84 
-57 323 334 
-6 182 427 
-16 323 104 
29 185 870 
-3 191 739 
-4 63 600 
60 67 368 
-10 157 417 
-75 73 291 
-33 57 748 
60 183 56 
-4 357 765 
83 346 954 
-4 165 974 
29 35 35 
-88 111 354 
86 210 1 
35 194 200 
13 360 285 
39 270 97 
39 107 874 
-57 345 88 
40 41 502 
-88 119 697 
78 122 369 
15 161 786 
39 198 648 
70 184 537 
30 343 401 
-40 222 202 
3 217 306 
-80 214 259 
32 204 24 
53 246 652 
-87 359 736 
-1 35 614 
-33 127 605 
-82 206 653 
16 221 333 
-89 151 849 
-41 156 855 
2 25 990 
17 180 35 
-87 118 179 
-44 296 105 
88 228 864 
37 134 143 
1 12 864 
53 14 47 
74 336 12 
62 24 923 
-63 210 388 
-13 135 701 
-82 328 657 
74 207 440 
-3 54 756 
42 287 471 
78 121 759 
-17 157 899 
77 33 412 
-75 348 675 
-33 304 859 
-90 237 937 
-32 102 466 
-52 314 103 
8 256 679 
80 27 38 
-19 237 398 
-50 208 920 
47 138 562 
-58 73 397 
55 29 195 
79 242 439 
33 175 513 
-51 177 333 
-14 39 774 
-11 154 442 
-22 274 930 
-18 328 508 
-65 200 76 
23 247 400 
10 226 265 
32 294 101 
42 116 713 
-67 304 292 
-35 233 911 
-15 315 462 
-47 121 634 
82 291 242 
90 13 352 
64 172 126 
49 287 658 
-13 134 497 
8 274 815 
-55 124 297 
-4 130 320 
22 294 100 
17 288 497 
16 352 772 
22 172 947 
-71 177 845 
87 92 981 
27 6 316 
