2.887687690794107065e-17 0.000000000000000000e+00 4.715951885563458013e-01
6.123233995736766036e-17 1.000000000000000000e+00 5.565308778977766657e-01
1.224646799147353207e-16 2.000000000000000000e+00 6.583553834861270992e-01
1.836970198721029688e-16 3.000000000000000000e+00 6.193677671646907745e-01
2.449293598294706414e-16 4.000000000000000000e+00 3.482906366598833570e-01
3.061616997868382648e-16 4.999999999999999112e+00 3.285627115444837432e-01
3.673940397442059375e-16 6.000000000000000000e+00 5.633813928232830337e-01
4.286263797015735609e-16 6.999999999999999112e+00 6.695157323531533144e-01
4.898587196589412829e-16 8.000000000000000000e+00 3.917266863865910276e-01
5.510910596163089556e-16 9.000000000000000000e+00 2.905022335387359433e-01
6.123233995736766282e-16 1.000000000000000000e+01 3.546694379776060280e-01
6.735557395310442023e-16 1.099999999999999822e+01 5.338217087273802175e-01
7.347880794884118750e-16 1.200000000000000000e+01 6.165978540352079484e-01
7.960204194457795477e-16 1.300000000000000000e+01 6.316883706154479139e-01
8.572527594031473190e-16 1.400000000000000178e+01 5.726893752949145933e-01
9.184850993605149917e-16 1.500000000000000000e+01 5.867384960743812217e-01
9.797174393178827630e-16 1.600000000000000355e+01 7.024478935101724497e-01
1.040949779275250140e-15 1.700000000000000000e+01 6.389291084411866661e-01
1.102182119232617911e-15 1.800000000000000000e+01 4.828295703440690367e-01
1.163414459189985485e-15 1.900000000000000000e+01 5.082201120347054069e-01
1.224646799147353256e-15 2.000000000000000000e+01 5.865537229039540223e-01
1.285879139104720831e-15 2.100000000000000000e+01 5.464828570958112364e-01
1.347111479062088405e-15 2.199999999999999645e+01 4.677385508957558335e-01
1.408343819019456176e-15 2.300000000000000000e+01 5.688814405144714259e-01
1.469576158976823750e-15 2.400000000000000000e+01 6.642705640614242624e-01
1.530808498934191719e-15 2.500000000000000355e+01 5.574608211552192216e-01
1.592040838891559293e-15 2.600000000000000355e+01 5.441646862797275830e-01
1.653273178848926867e-15 2.700000000000000000e+01 6.187448741384917739e-01
1.714505518806294638e-15 2.800000000000000355e+01 7.841959661683084448e-01
1.775737858763662212e-15 2.900000000000000000e+01 8.361202554720644775e-01
1.836970198721029983e-15 3.000000000000000000e+01 7.024451370990564270e-01
1.898202538678397557e-15 3.100000000000000000e+01 6.049624029287222760e-01
1.959434878635765131e-15 3.200000000000000000e+01 6.535724309054510295e-01
2.020667218593133100e-15 3.300000000000000711e+01 5.991584607270136198e-01
1.000000000000000000e+00 0.000000000000000000e+00 4.527605533399918225e-01
1.000000000000000222e+00 1.000000000000000000e+00 5.714613789070656091e-01
1.000000000000000222e+00 2.000000000000000000e+00 7.047177279727298016e-01
1.000000000000000000e+00 3.000000000000000000e+00 6.562447923853003129e-01
9.999999999999996669e-01 4.000000000000000000e+00 4.155070339391389034e-01
9.999999999999998890e-01 5.000000000000000000e+00 4.043474473113151668e-01
9.999999999999994449e-01 6.000000000000000000e+00 6.031929369065587299e-01
9.999999999999996669e-01 7.000000000000000888e+00 6.732713276050481532e-01
1.000000000000000666e+00 7.999999999999999112e+00 4.371438832740371927e-01
1.000000000000000444e+00 8.999999999999998224e+00 3.164826445884877382e-01
9.999999999999990008e-01 1.000000000000000178e+01 3.416922339880236748e-01
1.000000000000000888e+00 1.099999999999999822e+01 5.308362002107644972e-01
1.000000000000000666e+00 1.199999999999999822e+01 6.631111681991348483e-01
9.999999999999990008e-01 1.300000000000000178e+01 6.594838849100761458e-01
1.000000000000000000e+00 1.400000000000000178e+01 5.731827306766595909e-01
1.000000000000000000e+00 1.500000000000000000e+01 5.657867725555127958e-01
9.999999999999998890e-01 1.600000000000000000e+01 7.024854093556842649e-01
9.999999999999987788e-01 1.700000000000000000e+01 6.625719602649435824e-01
1.000000000000001776e+00 1.800000000000000000e+01 4.998362774352758109e-01
1.000000000000001554e+00 1.900000000000000355e+01 4.687992865082313831e-01
1.000000000000000222e+00 1.999999999999999645e+01 6.031767989132950092e-01
1.000000000000000222e+00 2.100000000000000355e+01 6.212096729585350197e-01
1.000000000000000666e+00 2.200000000000000355e+01 6.046379776407150297e-01
9.999999999999977796e-01 2.300000000000000000e+01 6.880534182189748105e-01
1.000000000000000222e+00 2.399999999999999645e+01 7.707932809597102253e-01
9.999999999999978906e-01 2.500000000000000000e+01 5.572751772455450947e-01
1.000000000000001998e+00 2.600000000000000000e+01 4.509585204360596622e-01
1.000000000000002442e+00 2.700000000000000000e+01 5.435092991934316053e-01
1.000000000000003109e+00 2.800000000000000000e+01 7.444932658763337985e-01
1.000000000000000000e+00 2.900000000000000000e+01 7.975729650339347110e-01
1.000000000000002442e+00 3.000000000000000000e+01 6.080284005227106769e-01
9.999999999999967804e-01 3.100000000000000355e+01 5.868572059557805032e-01
9.999999999999978906e-01 3.200000000000000000e+01 6.715005773100019004e-01
1.000000000000003331e+00 3.300000000000000000e+01 6.222255898679812658e-01
1.999999999999999778e+00 0.000000000000000000e+00 4.217382280444885168e-01
1.999999999999999556e+00 9.999999999999997780e-01 5.496462613005850262e-01
2.000000000000000000e+00 1.999999999999999556e+00 6.770316111137721915e-01
2.000000000000000444e+00 3.000000000000000000e+00 5.939302821037074631e-01
2.000000000000000444e+00 4.000000000000000000e+00 3.682363035647210903e-01
2.000000000000000444e+00 5.000000000000000888e+00 4.134040963471326546e-01
2.000000000000000000e+00 5.999999999999999112e+00 6.100566536810793083e-01
1.999999999999999556e+00 7.000000000000000888e+00 6.324192181202835661e-01
1.999999999999999334e+00 8.000000000000000000e+00 4.289927375628830863e-01
2.000000000000000000e+00 9.000000000000000000e+00 3.503782795964798802e-01
1.999999999999999334e+00 9.999999999999998224e+00 3.722280856456745557e-01
1.999999999999998890e+00 1.100000000000000178e+01 5.454786530404245326e-01
1.999999999999998890e+00 1.200000000000000000e+01 6.664662927306284068e-01
1.999999999999998890e+00 1.300000000000000000e+01 6.219232377678218793e-01
1.999999999999999334e+00 1.400000000000000178e+01 5.352837933724767794e-01
1.999999999999999334e+00 1.499999999999999822e+01 5.631402005500828478e-01
2.000000000000001332e+00 1.599999999999999822e+01 7.607343701367689226e-01
1.999999999999998668e+00 1.700000000000000000e+01 7.282149813712233133e-01
2.000000000000001332e+00 1.800000000000000000e+01 4.993055479309428391e-01
1.999999999999998002e+00 1.900000000000000000e+01 3.955258230792200735e-01
1.999999999999997780e+00 2.000000000000000000e+01 6.036112919283015410e-01
2.000000000000000888e+00 2.100000000000000355e+01 7.262664354477743611e-01
2.000000000000001776e+00 2.200000000000000000e+01 7.407511276128733169e-01
1.999999999999998890e+00 2.299999999999999645e+01 7.765810384937393840e-01
2.000000000000001332e+00 2.399999999999999645e+01 7.871137680365769551e-01
2.000000000000001776e+00 2.500000000000000000e+01 5.378703468064132132e-01
1.999999999999998002e+00 2.600000000000000355e+01 3.838581226226882026e-01
2.000000000000000444e+00 2.700000000000000000e+01 5.297715554110759006e-01
1.999999999999999778e+00 2.800000000000000000e+01 7.627684465855186779e-01
2.000000000000001776e+00 2.900000000000000000e+01 7.989066555561553651e-01
2.000000000000000000e+00 3.000000000000000000e+01 5.403725659290189443e-01
1.999999999999996447e+00 3.100000000000000000e+01 5.579861228517623006e-01
1.999999999999999778e+00 3.200000000000000000e+01 6.438766661181853923e-01
2.000000000000000444e+00 3.299999999999999289e+01 6.205339782365957291e-01
3.000000000000000444e+00 0.000000000000000000e+00 4.354009818114826236e-01
3.000000000000000000e+00 1.000000000000000000e+00 5.012777755228009502e-01
3.000000000000000444e+00 1.999999999999999778e+00 6.201716474311594895e-01
3.000000000000000000e+00 2.999999999999999556e+00 5.554850255186307706e-01
3.000000000000000444e+00 3.999999999999999556e+00 3.609814812012367424e-01
3.000000000000000444e+00 5.000000000000000000e+00 3.892432675291184752e-01
3.000000000000000888e+00 6.000000000000000000e+00 5.872723213908119799e-01
3.000000000000000444e+00 7.000000000000000888e+00 6.329915201985450990e-01
3.000000000000000000e+00 7.999999999999999112e+00 4.645641663719864978e-01
3.000000000000000000e+00 9.000000000000000000e+00 3.799028332444185918e-01
3.000000000000000000e+00 1.000000000000000000e+01 3.813609616360476018e-01
2.999999999999999556e+00 1.100000000000000000e+01 6.088507970593128871e-01
2.999999999999998668e+00 1.199999999999999822e+01 7.372794516400550391e-01
3.000000000000000444e+00 1.300000000000000000e+01 6.061305575859902151e-01
3.000000000000000000e+00 1.400000000000000178e+01 4.238082133613732538e-01
2.999999999999999556e+00 1.500000000000000000e+01 5.024493008756008017e-01
3.000000000000000444e+00 1.600000000000000355e+01 8.269969884663164184e-01
2.999999999999999112e+00 1.700000000000000000e+01 7.895998311539944581e-01
2.999999999999998668e+00 1.800000000000000000e+01 5.144052731802433165e-01
2.999999999999998668e+00 1.900000000000000355e+01 3.717290205138357173e-01
2.999999999999998668e+00 1.999999999999999645e+01 6.238925678296480815e-01
2.999999999999999112e+00 2.100000000000000000e+01 7.571364972358742840e-01
2.999999999999999112e+00 2.199999999999999645e+01 7.445291994941946045e-01
2.999999999999998224e+00 2.300000000000000355e+01 7.477169033301183099e-01
3.000000000000001776e+00 2.399999999999999645e+01 7.380243454416425264e-01
2.999999999999998224e+00 2.500000000000000355e+01 5.453974054910808444e-01
2.999999999999999112e+00 2.600000000000000000e+01 3.404455623486935534e-01
3.000000000000001776e+00 2.700000000000000355e+01 4.990389998764860335e-01
2.999999999999998224e+00 2.800000000000000000e+01 7.265732674764917576e-01
3.000000000000000888e+00 2.900000000000000000e+01 7.163892449290912845e-01
2.999999999999996447e+00 3.000000000000000000e+01 4.415399413328863765e-01
2.999999999999998668e+00 3.099999999999999645e+01 5.257185475686296794e-01
3.000000000000002220e+00 3.199999999999999645e+01 6.459629297816714688e-01
3.000000000000002665e+00 3.300000000000000000e+01 6.064560355797861124e-01
3.999999999999999556e+00 0.000000000000000000e+00 4.907649698905233171e-01
4.000000000000000000e+00 1.000000000000000000e+00 4.222056111241211385e-01
4.000000000000000000e+00 2.000000000000000000e+00 4.742693609256248277e-01
4.000000000000000000e+00 3.000000000000000000e+00 4.366462594190585467e-01
4.000000000000000888e+00 4.000000000000000000e+00 3.046020248237324424e-01
4.000000000000000000e+00 4.999999999999999112e+00 3.471574622190446990e-01
4.000000000000000000e+00 5.999999999999999112e+00 5.665996502513941380e-01
3.999999999999999112e+00 6.999999999999999112e+00 6.688568201916174072e-01
4.000000000000000888e+00 8.000000000000000000e+00 5.120518558742255255e-01
4.000000000000000000e+00 9.000000000000001776e+00 4.191308505411763252e-01
4.000000000000000888e+00 1.000000000000000178e+01 4.255554933024346953e-01
3.999999999999999556e+00 1.100000000000000178e+01 7.193386713363801865e-01
4.000000000000000000e+00 1.200000000000000000e+01 8.280246285520050931e-01
3.999999999999999556e+00 1.300000000000000000e+01 6.066446309750764820e-01
3.999999999999998668e+00 1.400000000000000000e+01 3.182993638369518430e-01
4.000000000000001776e+00 1.500000000000000000e+01 3.888640107496871834e-01
3.999999999999998668e+00 1.600000000000000000e+01 7.584003159770495994e-01
3.999999999999999556e+00 1.700000000000000000e+01 7.215635316439373836e-01
4.000000000000000000e+00 1.800000000000000000e+01 4.289155762009670969e-01
4.000000000000001776e+00 1.900000000000000000e+01 3.046607757225012203e-01
3.999999999999999556e+00 2.000000000000000000e+01 5.568477604212460630e-01
3.999999999999999112e+00 2.100000000000000000e+01 6.751612891275475814e-01
3.999999999999996891e+00 2.200000000000000000e+01 6.751668816667368844e-01
3.999999999999999556e+00 2.300000000000000000e+01 7.167936493596691605e-01
3.999999999999997780e+00 2.400000000000000000e+01 7.245666201234712833e-01
3.999999999999997780e+00 2.500000000000000355e+01 5.934099480435147678e-01
3.999999999999997780e+00 2.600000000000000000e+01 4.127815869228486645e-01
4.000000000000002665e+00 2.700000000000000000e+01 5.868716291640669880e-01
3.999999999999998668e+00 2.800000000000000355e+01 8.135034761597765840e-01
3.999999999999998668e+00 2.900000000000000000e+01 7.541888080657612736e-01
3.999999999999999112e+00 3.000000000000000000e+01 4.571775823918763360e-01
3.999999999999996891e+00 3.100000000000000000e+01 5.104358104232600279e-01
4.000000000000002665e+00 3.199999999999999645e+01 6.484503275038782100e-01
4.000000000000003553e+00 3.300000000000000000e+01 6.168812797100305945e-01
5.000000000000000000e+00 0.000000000000000000e+00 6.000118911642992048e-01
5.000000000000000000e+00 1.000000000000000000e+00 4.642692729600498835e-01
5.000000000000000888e+00 2.000000000000000000e+00 4.081809209036277308e-01
5.000000000000000000e+00 3.000000000000000444e+00 3.574440196170085016e-01
4.999999999999999112e+00 4.000000000000000000e+00 2.638177852906126164e-01
5.000000000000000888e+00 5.000000000000000000e+00 3.157938793829211943e-01
5.000000000000000888e+00 6.000000000000000000e+00 5.201924374077493418e-01
5.000000000000000888e+00 7.000000000000000000e+00 6.471558753670176856e-01
5.000000000000000888e+00 8.000000000000000000e+00 5.307741521210697089e-01
5.000000000000000000e+00 9.000000000000001776e+00 4.970029720362171277e-01
5.000000000000000888e+00 9.999999999999998224e+00 5.385098989151894111e-01
5.000000000000000888e+00 1.100000000000000000e+01 8.533365433266141276e-01
5.000000000000000888e+00 1.200000000000000000e+01 9.152037542952540239e-01
4.999999999999999112e+00 1.300000000000000178e+01 6.672596966606629820e-01
5.000000000000000888e+00 1.400000000000000000e+01 3.154847684577648526e-01
5.000000000000000000e+00 1.500000000000000000e+01 3.679168217718438161e-01
5.000000000000000888e+00 1.600000000000000000e+01 6.956988698988497699e-01
4.999999999999999112e+00 1.700000000000000000e+01 6.171436813982895675e-01
5.000000000000000000e+00 1.800000000000000355e+01 3.037155266246036045e-01
4.999999999999998224e+00 1.899999999999999645e+01 2.432257227096671914e-01
4.999999999999997335e+00 1.999999999999999645e+01 4.995304692366008825e-01
5.000000000000000888e+00 2.100000000000000000e+01 5.851339089603349031e-01
5.000000000000001776e+00 2.200000000000000000e+01 5.499288708307925599e-01
5.000000000000000000e+00 2.300000000000000000e+01 5.854289960730910680e-01
4.999999999999999112e+00 2.400000000000000000e+01 6.605210331220651154e-01
4.999999999999999112e+00 2.500000000000000000e+01 6.754364512120908381e-01
4.999999999999997335e+00 2.600000000000000000e+01 5.707469843200112525e-01
4.999999999999998224e+00 2.700000000000000000e+01 6.831924513020579681e-01
4.999999999999998224e+00 2.800000000000000000e+01 8.648422052228914580e-01
4.999999999999999112e+00 2.900000000000000000e+01 7.862790913736795728e-01
4.999999999999997335e+00 3.000000000000000000e+01 5.041830463599954459e-01
4.999999999999997335e+00 3.099999999999999645e+01 4.645085705566316947e-01
4.999999999999999112e+00 3.200000000000000711e+01 6.045921943385101915e-01
4.999999999999998224e+00 3.300000000000000000e+01 5.954483695909339458e-01
6.000000000000000000e+00 0.000000000000000000e+00 6.785245258975202143e-01
6.000000000000000888e+00 1.000000000000000000e+00 5.075001051181432521e-01
5.999999999999999112e+00 2.000000000000000000e+00 4.007120067547974007e-01
5.999999999999999112e+00 2.999999999999999556e+00 3.687406593731714088e-01
6.000000000000000888e+00 3.999999999999999556e+00 3.295729507651534163e-01
6.000000000000000000e+00 4.999999999999999112e+00 3.285709783587418276e-01
6.000000000000000000e+00 5.999999999999999112e+00 5.055167338499080287e-01
6.000000000000000000e+00 7.000000000000000888e+00 6.933367509783033844e-01
6.000000000000001776e+00 8.000000000000000000e+00 6.325219762335940743e-01
6.000000000000000000e+00 8.999999999999998224e+00 6.049656478076961275e-01
6.000000000000000000e+00 1.000000000000000000e+01 6.541802424265807936e-01
6.000000000000000000e+00 1.100000000000000355e+01 9.300913377245311198e-01
6.000000000000000888e+00 1.199999999999999822e+01 9.696326661429961469e-01
6.000000000000000000e+00 1.300000000000000000e+01 7.384655822270654868e-01
6.000000000000000888e+00 1.400000000000000178e+01 3.650958456436101951e-01
6.000000000000001776e+00 1.500000000000000178e+01 3.616070374825109957e-01
6.000000000000000000e+00 1.599999999999999822e+01 6.285853704200443648e-01
6.000000000000000888e+00 1.700000000000000000e+01 5.357989336932310609e-01
6.000000000000001776e+00 1.800000000000000355e+01 2.096736130821997002e-01
6.000000000000001776e+00 1.900000000000000000e+01 2.334453815742393301e-01
6.000000000000000000e+00 2.000000000000000000e+01 4.881643653244400194e-01
5.999999999999997335e+00 2.099999999999999645e+01 5.288436323260435890e-01
6.000000000000000000e+00 2.200000000000000355e+01 4.339464146049720750e-01
6.000000000000001776e+00 2.300000000000000000e+01 4.600824006819347889e-01
5.999999999999998224e+00 2.400000000000000000e+01 6.061819331587769977e-01
6.000000000000002665e+00 2.500000000000000000e+01 7.420103092230625474e-01
6.000000000000000888e+00 2.600000000000000000e+01 7.103832904077037602e-01
6.000000000000000000e+00 2.700000000000000000e+01 7.285429923393239582e-01
6.000000000000000000e+00 2.800000000000000355e+01 8.550971359708148256e-01
6.000000000000000000e+00 2.900000000000000000e+01 8.097181487323013016e-01
5.999999999999998224e+00 2.999999999999999645e+01 5.806631048118539029e-01
6.000000000000001776e+00 3.099999999999999645e+01 4.523262316879189116e-01
6.000000000000000000e+00 3.200000000000000000e+01 6.046110922192835524e-01
5.999999999999995559e+00 3.300000000000000000e+01 6.135309315460669710e-01
7.000000000000000000e+00 0.000000000000000000e+00 7.638657017717319642e-01
7.000000000000000888e+00 1.000000000000000222e+00 5.967748280092026736e-01
7.000000000000000000e+00 1.999999999999999778e+00 4.351535853311545576e-01
7.000000000000000888e+00 3.000000000000000444e+00 3.738174406991998100e-01
6.999999999999999112e+00 3.999999999999999112e+00 3.988498796526678825e-01
7.000000000000000000e+00 5.000000000000000888e+00 4.034851731276085096e-01
7.000000000000000888e+00 6.000000000000000000e+00 5.303304715997141372e-01
7.000000000000000888e+00 6.999999999999999112e+00 6.957886225464962049e-01
7.000000000000000888e+00 8.000000000000000000e+00 6.627755006642060964e-01
7.000000000000000000e+00 9.000000000000000000e+00 6.472433852154841905e-01
7.000000000000000888e+00 1.000000000000000000e+01 7.342802664846771465e-01
7.000000000000002665e+00 1.100000000000000000e+01 9.770689204302719366e-01
6.999999999999999112e+00 1.200000000000000000e+01 9.999999999999998890e-01
6.999999999999998224e+00 1.300000000000000000e+01 7.964789813639258087e-01
7.000000000000001776e+00 1.400000000000000000e+01 4.538803981080855587e-01
6.999999999999998224e+00 1.500000000000000000e+01 4.021376438568571299e-01
7.000000000000000888e+00 1.600000000000000000e+01 5.870942211561590574e-01
6.999999999999999112e+00 1.700000000000000000e+01 4.654781484079719145e-01
7.000000000000000888e+00 1.800000000000000000e+01 1.640535301936623946e-01
7.000000000000000888e+00 1.900000000000000000e+01 2.479958575798802134e-01
6.999999999999998224e+00 2.000000000000000000e+01 4.738566945394415697e-01
7.000000000000000888e+00 2.100000000000000355e+01 4.537819751206466634e-01
6.999999999999999112e+00 2.200000000000000000e+01 3.435525357596739826e-01
7.000000000000001776e+00 2.299999999999999645e+01 3.343368273534768065e-01
7.000000000000000888e+00 2.400000000000000000e+01 5.410967326600164551e-01
7.000000000000000888e+00 2.500000000000000355e+01 8.168832703628222669e-01
6.999999999999997335e+00 2.600000000000000000e+01 8.906500366623327780e-01
6.999999999999996447e+00 2.700000000000000355e+01 7.553791639357358978e-01
6.999999999999997335e+00 2.800000000000000000e+01 7.863365781201118176e-01
6.999999999999998224e+00 2.900000000000000355e+01 8.052190951027868859e-01
6.999999999999998224e+00 3.000000000000000000e+01 6.405597632501858207e-01
6.999999999999997335e+00 3.100000000000000000e+01 4.232071479849787154e-01
7.000000000000000000e+00 3.199999999999999645e+01 5.484276708826709701e-01
7.000000000000003553e+00 3.300000000000000000e+01 5.791425589551201236e-01
8.000000000000000000e+00 0.000000000000000000e+00 8.177082364526012670e-01
7.999999999999999112e+00 9.999999999999998890e-01 6.869288145762478814e-01
8.000000000000000000e+00 2.000000000000000000e+00 4.679310875566668471e-01
8.000000000000001776e+00 3.000000000000000444e+00 3.824651745614938148e-01
8.000000000000000000e+00 4.000000000000000000e+00 4.940806270771163078e-01
8.000000000000001776e+00 5.000000000000000888e+00 5.605973939796465855e-01
8.000000000000000000e+00 6.000000000000000000e+00 6.177788002055876193e-01
8.000000000000000000e+00 7.000000000000000888e+00 7.056191269996575643e-01
8.000000000000000000e+00 7.999999999999998224e+00 7.052249512855840452e-01
8.000000000000000000e+00 9.000000000000000000e+00 7.577327270935534376e-01
8.000000000000000000e+00 9.999999999999998224e+00 8.631453228961805113e-01
8.000000000000001776e+00 1.100000000000000000e+01 9.881352347503533640e-01
8.000000000000001776e+00 1.200000000000000000e+01 9.747043208554371230e-01
8.000000000000000000e+00 1.299999999999999822e+01 8.366963223794331439e-01
7.999999999999998224e+00 1.399999999999999822e+01 6.165176075053453442e-01
8.000000000000000000e+00 1.500000000000000000e+01 5.236096358656127103e-01
8.000000000000001776e+00 1.600000000000000000e+01 6.005621251233435043e-01
8.000000000000001776e+00 1.700000000000000000e+01 4.079322975290633480e-01
8.000000000000000000e+00 1.800000000000000355e+01 1.269064562190706236e-01
8.000000000000000000e+00 1.899999999999999645e+01 2.438027821562815667e-01
8.000000000000000000e+00 2.000000000000000000e+01 4.645826308656361148e-01
8.000000000000001776e+00 2.100000000000000355e+01 4.798245784766456135e-01
7.999999999999999112e+00 2.200000000000000355e+01 3.691651439572899429e-01
8.000000000000003553e+00 2.300000000000000355e+01 2.790660581778896532e-01
8.000000000000000000e+00 2.400000000000000000e+01 4.712989665667851602e-01
8.000000000000000000e+00 2.500000000000000355e+01 8.151914499488386312e-01
8.000000000000000000e+00 2.600000000000000355e+01 9.158911618210493488e-01
8.000000000000000000e+00 2.700000000000000000e+01 6.613878880881731703e-01
7.999999999999997335e+00 2.800000000000000000e+01 6.419309317862487152e-01
8.000000000000000000e+00 2.900000000000000000e+01 7.730279715387831097e-01
8.000000000000001776e+00 2.999999999999999645e+01 6.751630320627733939e-01
8.000000000000000000e+00 3.100000000000000711e+01 4.319776223259944037e-01
7.999999999999997335e+00 3.200000000000000000e+01 4.996589519948196334e-01
7.999999999999997335e+00 3.300000000000000000e+01 5.220510052534550471e-01
9.000000000000000000e+00 0.000000000000000000e+00 8.578477903562253815e-01
9.000000000000000000e+00 1.000000000000000000e+00 7.268446525446440321e-01
9.000000000000000000e+00 1.999999999999999778e+00 5.083528502040416397e-01
9.000000000000000000e+00 3.000000000000000000e+00 3.931025690054399391e-01
9.000000000000001776e+00 4.000000000000000000e+00 5.403425922214274424e-01
9.000000000000001776e+00 5.000000000000000000e+00 6.503406155294454427e-01
9.000000000000001776e+00 5.999999999999999112e+00 6.924042926713380730e-01
9.000000000000001776e+00 7.000000000000000888e+00 7.618385411192503121e-01
9.000000000000001776e+00 8.000000000000001776e+00 7.688275047286515784e-01
9.000000000000000000e+00 8.999999999999998224e+00 8.037931315953515954e-01
9.000000000000000000e+00 1.000000000000000000e+01 8.542646974211529631e-01
9.000000000000001776e+00 1.100000000000000000e+01 9.356126884491376972e-01
9.000000000000001776e+00 1.199999999999999822e+01 9.244629282042641227e-01
9.000000000000001776e+00 1.300000000000000178e+01 8.294313833130688707e-01
9.000000000000001776e+00 1.400000000000000000e+01 6.837812797132000187e-01
9.000000000000001776e+00 1.500000000000000178e+01 6.317690475313442189e-01
9.000000000000001776e+00 1.600000000000000000e+01 6.439874383575139305e-01
9.000000000000000000e+00 1.700000000000000000e+01 4.228434933688937081e-01
9.000000000000001776e+00 1.800000000000000000e+01 1.509555803056515655e-01
9.000000000000000000e+00 1.899999999999999645e+01 2.642190763227686978e-01
9.000000000000001776e+00 2.000000000000000000e+01 4.311640976234835110e-01
9.000000000000000000e+00 2.100000000000000000e+01 4.557912526223087957e-01
8.999999999999996447e+00 2.199999999999999645e+01 3.679431315794353119e-01
9.000000000000001776e+00 2.300000000000000000e+01 2.512529930332257910e-01
8.999999999999998224e+00 2.399999999999999645e+01 4.097356879036677668e-01
9.000000000000000000e+00 2.499999999999999645e+01 7.205898966601007594e-01
8.999999999999998224e+00 2.600000000000000000e+01 7.880575960763410714e-01
9.000000000000000000e+00 2.699999999999999645e+01 5.237807966762407785e-01
8.999999999999998224e+00 2.799999999999999645e+01 5.230624129736266559e-01
9.000000000000001776e+00 2.900000000000000355e+01 7.240205500892084034e-01
8.999999999999998224e+00 3.000000000000000000e+01 6.481441192094969939e-01
9.000000000000000000e+00 3.100000000000000000e+01 4.224730189964047145e-01
9.000000000000000000e+00 3.200000000000000000e+01 4.718470959140830812e-01
9.000000000000000000e+00 3.300000000000000711e+01 4.787065417855453364e-01
1.000000000000000178e+01 0.000000000000000000e+00 8.436625927302454642e-01
1.000000000000000000e+01 1.000000000000000000e+00 7.561367999031542997e-01
9.999999999999998224e+00 1.999999999999999778e+00 5.714465405657588315e-01
1.000000000000000000e+01 3.000000000000000444e+00 4.005202895090572701e-01
1.000000000000000178e+01 4.000000000000000000e+00 5.237610726841999131e-01
1.000000000000000000e+01 5.000000000000000000e+00 6.706878563513456459e-01
1.000000000000000000e+01 6.000000000000000888e+00 6.951806644991992412e-01
1.000000000000000178e+01 7.000000000000000888e+00 7.305624314455184676e-01
9.999999999999998224e+00 8.000000000000000000e+00 7.626658757387285714e-01
1.000000000000000000e+01 9.000000000000000000e+00 8.190343899104201020e-01
1.000000000000000000e+01 9.999999999999998224e+00 8.199728358324909205e-01
1.000000000000000000e+01 1.099999999999999822e+01 8.936615143142161433e-01
1.000000000000000178e+01 1.200000000000000000e+01 8.776147747123627108e-01
1.000000000000000000e+01 1.299999999999999822e+01 7.658096173689125097e-01
1.000000000000000178e+01 1.400000000000000000e+01 6.842899602668666148e-01
1.000000000000000000e+01 1.499999999999999822e+01 7.119191987225483853e-01
1.000000000000000178e+01 1.600000000000000000e+01 7.178023383385875311e-01
1.000000000000000000e+01 1.700000000000000000e+01 4.438173780511815436e-01
1.000000000000000000e+01 1.800000000000000355e+01 1.637036630996449305e-01
1.000000000000000178e+01 1.900000000000000355e+01 2.461754302108130066e-01
1.000000000000000178e+01 1.999999999999999645e+01 4.131760007649973310e-01
9.999999999999998224e+00 2.100000000000000000e+01 4.869912373937783090e-01
1.000000000000000000e+01 2.199999999999999645e+01 3.928740330104388834e-01
9.999999999999998224e+00 2.300000000000000000e+01 2.216170783217803197e-01
1.000000000000000178e+01 2.400000000000000000e+01 2.806125755153058288e-01
1.000000000000000000e+01 2.499999999999999645e+01 5.600395819752566062e-01
9.999999999999998224e+00 2.600000000000000355e+01 6.489327775405571153e-01
9.999999999999998224e+00 2.700000000000000000e+01 4.516319031692679342e-01
1.000000000000000178e+01 2.800000000000000000e+01 4.719053436287837799e-01
1.000000000000000000e+01 2.900000000000000000e+01 7.140786524340659858e-01
1.000000000000000000e+01 3.000000000000000000e+01 6.299196861632321287e-01
1.000000000000000178e+01 3.100000000000000000e+01 4.110006850951967161e-01
1.000000000000000000e+01 3.199999999999999289e+01 4.038203866916976192e-01
1.000000000000000000e+01 3.300000000000000000e+01 4.135620235306869952e-01
1.100000000000000000e+01 0.000000000000000000e+00 7.652851811116775371e-01
1.100000000000000000e+01 1.000000000000000000e+00 7.359126745188041552e-01
1.100000000000000000e+01 2.000000000000000000e+00 6.481420906550960925e-01
1.099999999999999822e+01 3.000000000000000000e+00 4.579353642512671296e-01
1.100000000000000178e+01 4.000000000000000000e+00 4.796316641878915488e-01
1.100000000000000178e+01 5.000000000000000888e+00 6.183783694539355391e-01
1.100000000000000000e+01 6.000000000000000000e+00 6.878000469479444989e-01
1.100000000000000000e+01 7.000000000000000000e+00 7.545694128883071450e-01
1.100000000000000000e+01 8.000000000000000000e+00 8.067806886157410373e-01
1.100000000000000000e+01 9.000000000000000000e+00 8.768639115116272365e-01
1.099999999999999822e+01 1.000000000000000000e+01 7.959556599345000150e-01
1.100000000000000000e+01 1.099999999999999822e+01 8.264617385464168020e-01
1.100000000000000178e+01 1.200000000000000000e+01 7.689930369567836710e-01
1.100000000000000178e+01 1.300000000000000000e+01 6.311914327765844046e-01
1.100000000000000178e+01 1.400000000000000178e+01 6.105915907267791543e-01
1.100000000000000000e+01 1.500000000000000178e+01 7.780747377824119848e-01
1.100000000000000178e+01 1.599999999999999822e+01 8.290406947831291395e-01
1.100000000000000178e+01 1.700000000000000000e+01 5.195984265403547075e-01
1.100000000000000000e+01 1.800000000000000000e+01 2.290723580191725284e-01
1.100000000000000355e+01 1.900000000000000355e+01 2.896435621454908071e-01
1.099999999999999822e+01 2.000000000000000000e+01 4.283116918412400165e-01
1.100000000000000178e+01 2.100000000000000000e+01 4.786141792616459556e-01
1.100000000000000178e+01 2.199999999999999645e+01 3.411709300880870210e-01
1.100000000000000000e+01 2.300000000000000000e+01 2.004939432835602664e-01
1.099999999999999822e+01 2.400000000000000000e+01 2.127067836437151749e-01
1.100000000000000178e+01 2.500000000000000000e+01 4.320133828789401997e-01
1.099999999999999822e+01 2.600000000000000000e+01 4.669240277168669184e-01
1.100000000000000178e+01 2.700000000000000355e+01 3.479544772734350366e-01
1.100000000000000000e+01 2.800000000000000000e+01 3.984474075889163913e-01
1.100000000000000178e+01 2.900000000000000000e+01 6.748443265151777837e-01
1.100000000000000000e+01 3.000000000000000355e+01 6.098217294020411572e-01
1.100000000000000355e+01 3.100000000000000355e+01 4.140883897138177283e-01
1.099999999999999822e+01 3.200000000000000000e+01 3.885777878015148623e-01
1.100000000000000000e+01 3.300000000000000000e+01 4.079230411170081116e-01
1.199999999999999822e+01 0.000000000000000000e+00 7.293300282203803997e-01
1.200000000000000000e+01 9.999999999999998890e-01 7.086977053895729961e-01
1.200000000000000178e+01 2.000000000000000000e+00 6.635025954929892889e-01
1.200000000000000000e+01 3.000000000000000000e+00 4.507411462322414297e-01
1.199999999999999822e+01 4.000000000000000000e+00 4.056399868518449359e-01
1.200000000000000000e+01 5.000000000000000000e+00 5.678908542331817522e-01
1.200000000000000000e+01 6.000000000000000000e+00 6.835818371720119302e-01
1.200000000000000000e+01 6.999999999999999112e+00 7.879022465381738671e-01
1.200000000000000000e+01 7.999999999999998224e+00 8.594066597662751716e-01
1.200000000000000178e+01 9.000000000000000000e+00 9.164638188564098176e-01
1.200000000000000000e+01 9.999999999999998224e+00 7.272350709495036813e-01
1.200000000000000000e+01 1.100000000000000178e+01 7.139217768301245881e-01
1.200000000000000178e+01 1.200000000000000000e+01 6.358482190785628152e-01
1.200000000000000000e+01 1.300000000000000000e+01 4.474332409195184712e-01
1.200000000000000000e+01 1.400000000000000178e+01 4.232821371075252137e-01
1.200000000000000178e+01 1.500000000000000178e+01 6.885969418641872952e-01
1.200000000000000000e+01 1.599999999999999645e+01 8.401832565708851064e-01
1.200000000000000355e+01 1.700000000000000000e+01 5.972328432978269985e-01
1.200000000000000178e+01 1.800000000000000000e+01 2.886840752769523344e-01
1.200000000000000000e+01 1.900000000000000000e+01 3.334529323445388771e-01
1.200000000000000178e+01 2.000000000000000000e+01 4.476514368542919842e-01
1.199999999999999822e+01 2.100000000000000000e+01 4.980526484852740299e-01
1.199999999999999822e+01 2.200000000000000355e+01 3.188934116431872967e-01
1.199999999999999645e+01 2.300000000000000000e+01 2.528317716899142753e-01
1.200000000000000355e+01 2.400000000000000000e+01 2.040966693896452411e-01
1.200000000000000178e+01 2.500000000000000000e+01 3.197306662190101401e-01
1.200000000000000000e+01 2.600000000000000000e+01 3.190092252224106528e-01
1.199999999999999822e+01 2.700000000000000000e+01 3.181767943004849553e-01
1.200000000000000178e+01 2.800000000000000355e+01 3.978706341461113460e-01
1.199999999999999645e+01 2.900000000000000000e+01 6.820991074009441490e-01
1.200000000000000000e+01 2.999999999999999645e+01 6.054500820085934043e-01
1.199999999999999822e+01 3.100000000000000000e+01 4.339674146351681361e-01
1.200000000000000178e+01 3.200000000000000711e+01 4.091409991034785643e-01
1.199999999999999822e+01 3.300000000000000000e+01 4.683107890623844360e-01
1.300000000000000178e+01 0.000000000000000000e+00 7.204424206834878497e-01
1.300000000000000000e+01 1.000000000000000000e+00 7.216293246918616955e-01
1.300000000000000178e+01 2.000000000000000444e+00 6.833476641098602533e-01
1.300000000000000000e+01 3.000000000000000000e+00 4.428792581207227630e-01
1.300000000000000000e+01 3.999999999999999556e+00 3.159113066013773952e-01
1.300000000000000000e+01 5.000000000000000000e+00 5.172416610240320178e-01
1.300000000000000000e+01 6.000000000000000000e+00 6.576708752400604041e-01
1.299999999999999822e+01 7.000000000000000000e+00 7.474928517837132746e-01
1.300000000000000178e+01 8.000000000000000000e+00 8.214817581901718846e-01
1.300000000000000000e+01 9.000000000000000000e+00 8.955863380557230746e-01
1.299999999999999822e+01 1.000000000000000000e+01 6.330318320160400747e-01
1.299999999999999822e+01 1.099999999999999822e+01 5.423156372112430956e-01
1.300000000000000178e+01 1.200000000000000178e+01 4.630880912779603564e-01
1.300000000000000000e+01 1.299999999999999822e+01 2.803304739441076499e-01
1.300000000000000000e+01 1.399999999999999822e+01 3.155155791425616751e-01
1.300000000000000000e+01 1.499999999999999822e+01 6.723720600839832029e-01
1.300000000000000178e+01 1.599999999999999822e+01 8.777758230733621048e-01
1.300000000000000178e+01 1.700000000000000000e+01 6.702709509529385379e-01
1.300000000000000178e+01 1.800000000000000000e+01 3.477572252361917915e-01
1.299999999999999822e+01 1.900000000000000000e+01 3.607710305881513535e-01
1.300000000000000000e+01 1.999999999999999645e+01 4.611377632403426685e-01
1.300000000000000178e+01 2.100000000000000000e+01 5.314834611310231827e-01
1.299999999999999822e+01 2.200000000000000000e+01 3.570220808846220062e-01
1.300000000000000355e+01 2.300000000000000000e+01 3.378959302385596830e-01
1.299999999999999822e+01 2.400000000000000355e+01 2.368152847127317495e-01
1.300000000000000178e+01 2.500000000000000000e+01 2.775187444310363571e-01
1.300000000000000355e+01 2.600000000000000000e+01 2.575981123514569648e-01
1.299999999999999822e+01 2.700000000000000355e+01 3.250370217577806531e-01
1.300000000000000000e+01 2.800000000000000000e+01 3.435614589881451630e-01
1.300000000000000355e+01 2.900000000000000000e+01 6.166419930751759759e-01
1.300000000000000178e+01 3.000000000000000355e+01 5.773984197768244897e-01
1.299999999999999645e+01 3.099999999999999645e+01 4.397351974438044042e-01
1.299999999999999822e+01 3.200000000000000000e+01 4.072538550369165233e-01
1.300000000000000178e+01 3.300000000000000000e+01 5.138214217574502696e-01
1.400000000000000000e+01 0.000000000000000000e+00 6.541421420370614470e-01
1.400000000000000000e+01 9.999999999999998890e-01 6.595478428906825785e-01
1.400000000000000000e+01 2.000000000000000000e+00 6.500040673906285482e-01
1.400000000000000178e+01 3.000000000000000000e+00 4.072051753830657206e-01
1.400000000000000000e+01 3.999999999999999556e+00 2.744326523905799564e-01
1.400000000000000000e+01 5.000000000000000000e+00 5.339297273262904042e-01
1.400000000000000178e+01 6.000000000000000888e+00 7.296621933326458143e-01
1.400000000000000000e+01 7.000000000000000000e+00 8.161676796145668211e-01
1.399999999999999822e+01 7.999999999999998224e+00 8.848511156927617582e-01
1.400000000000000000e+01 9.000000000000001776e+00 9.193297316912525385e-01
1.400000000000000000e+01 1.000000000000000178e+01 5.688643588191644174e-01
1.400000000000000178e+01 1.100000000000000000e+01 3.462586297647621825e-01
1.400000000000000178e+01 1.200000000000000000e+01 2.973529964692562255e-01
1.399999999999999822e+01 1.300000000000000000e+01 1.594661767824853416e-01
1.399999999999999822e+01 1.399999999999999645e+01 2.572831059994818981e-01
1.400000000000000178e+01 1.500000000000000178e+01 6.041442992309816740e-01
1.400000000000000178e+01 1.600000000000000000e+01 8.487336049191680498e-01
1.400000000000000000e+01 1.700000000000000000e+01 7.548385587739890878e-01
1.400000000000000178e+01 1.800000000000000355e+01 4.771036962052955244e-01
1.400000000000000178e+01 1.900000000000000000e+01 4.768208367008008874e-01
1.400000000000000178e+01 2.000000000000000000e+01 5.294922306304480353e-01
1.400000000000000355e+01 2.100000000000000000e+01 5.945325266935429509e-01
1.400000000000000178e+01 2.199999999999999645e+01 3.827780846006880178e-01
1.399999999999999822e+01 2.300000000000000000e+01 3.766031147763685971e-01
1.399999999999999822e+01 2.400000000000000000e+01 2.745119508619068283e-01
1.400000000000000178e+01 2.499999999999999645e+01 2.880681453041625817e-01
1.399999999999999645e+01 2.600000000000000000e+01 2.709928156099988272e-01
1.400000000000000178e+01 2.699999999999999645e+01 3.206802902455245796e-01
1.400000000000000355e+01 2.800000000000000000e+01 2.698937533005908440e-01
1.399999999999999645e+01 2.899999999999999645e+01 5.461441242059328349e-01
1.399999999999999645e+01 3.000000000000000000e+01 6.002564135872797690e-01
1.399999999999999467e+01 3.100000000000000000e+01 5.065416950964061193e-01
1.400000000000000178e+01 3.200000000000000000e+01 4.660464947012389336e-01
1.399999999999999645e+01 3.300000000000000000e+01 6.159199566091230205e-01
1.500000000000000000e+01 0.000000000000000000e+00 5.504892659918007025e-01
1.500000000000000178e+01 1.000000000000000000e+00 5.733523457878185736e-01
1.500000000000000000e+01 2.000000000000000000e+00 6.077204417637006584e-01
1.500000000000000000e+01 3.000000000000000000e+00 3.958173561041019028e-01
1.500000000000000000e+01 4.000000000000000888e+00 2.652191291173222609e-01
1.500000000000000000e+01 5.000000000000000000e+00 5.660905322520406457e-01
1.500000000000000178e+01 6.000000000000000888e+00 7.651463860130091055e-01
1.500000000000000000e+01 7.000000000000000000e+00 8.383727813542791729e-01
1.500000000000000000e+01 8.000000000000000000e+00 8.712391093859449542e-01
1.500000000000000000e+01 9.000000000000000000e+00 8.448248529738374701e-01
1.499999999999999822e+01 9.999999999999996447e+00 4.398261293476576905e-01
1.500000000000000178e+01 1.100000000000000000e+01 1.747430495926021177e-01
1.499999999999999822e+01 1.200000000000000000e+01 2.013463105782483942e-01
1.499999999999999822e+01 1.300000000000000000e+01 1.303730573919238966e-01
1.500000000000000178e+01 1.400000000000000178e+01 2.504655470334068434e-01
1.500000000000000178e+01 1.500000000000000000e+01 5.596095509159004777e-01
1.500000000000000178e+01 1.600000000000000000e+01 8.048706093652290283e-01
1.500000000000000178e+01 1.700000000000000000e+01 7.834080622319361531e-01
1.500000000000000000e+01 1.799999999999999645e+01 5.491971644923768769e-01
1.500000000000000178e+01 1.900000000000000000e+01 5.266519294307078214e-01
1.500000000000000178e+01 2.000000000000000000e+01 5.258616364877033433e-01
1.500000000000000178e+01 2.100000000000000000e+01 6.078109491343397508e-01
1.500000000000000178e+01 2.200000000000000000e+01 4.601806198297139217e-01
1.500000000000000000e+01 2.299999999999999645e+01 4.679116321005997170e-01
1.500000000000000178e+01 2.399999999999999645e+01 3.478385328134943610e-01
1.500000000000000355e+01 2.500000000000000355e+01 3.694454000665939875e-01
1.500000000000000178e+01 2.600000000000000000e+01 3.614496012681341353e-01
1.500000000000000178e+01 2.700000000000000355e+01 3.086375798115498781e-01
1.500000000000000000e+01 2.800000000000000355e+01 1.715325842237651610e-01
1.499999999999999467e+01 2.899999999999999645e+01 4.708771256136312089e-01
1.500000000000000178e+01 2.999999999999999645e+01 6.327253849715092082e-01
1.499999999999999822e+01 3.099999999999999645e+01 5.330587894989972098e-01
1.500000000000000533e+01 3.200000000000000711e+01 4.229606436894866039e-01
1.500000000000000178e+01 3.300000000000000000e+01 6.013762280180797726e-01
1.600000000000000000e+01 0.000000000000000000e+00 5.085577213068307456e-01
1.600000000000000000e+01 1.000000000000000000e+00 5.553743916316883356e-01
1.599999999999999822e+01 1.999999999999999778e+00 6.093743905798402194e-01
1.600000000000000000e+01 3.000000000000000000e+00 4.176974600931551151e-01
1.600000000000000000e+01 4.000000000000000000e+00 3.160908128887390811e-01
1.599999999999999645e+01 4.999999999999999112e+00 6.040455978346792598e-01
1.599999999999999822e+01 6.000000000000000000e+00 7.446723769250640501e-01
1.599999999999999822e+01 6.999999999999999112e+00 7.731792792306124706e-01
1.600000000000000000e+01 8.000000000000000000e+00 7.916676332670676830e-01
1.600000000000000000e+01 9.000000000000001776e+00 7.786313865765803754e-01
1.600000000000000355e+01 1.000000000000000178e+01 3.730869276566310400e-01
1.600000000000000000e+01 1.100000000000000000e+01 6.405232884856286446e-02
1.600000000000000000e+01 1.200000000000000000e+01 1.758745101920713427e-01
1.600000000000000000e+01 1.300000000000000178e+01 2.009125438562474608e-01
1.600000000000000000e+01 1.400000000000000178e+01 3.001716056690658108e-01
1.600000000000000000e+01 1.500000000000000178e+01 4.656333294864520300e-01
1.600000000000000355e+01 1.600000000000000000e+01 6.970996281923950155e-01
1.600000000000000000e+01 1.700000000000000000e+01 7.688229307353624531e-01
1.600000000000000000e+01 1.800000000000000000e+01 6.573565400386550683e-01
1.600000000000000000e+01 1.900000000000000000e+01 5.789131913219256464e-01
1.600000000000000000e+01 1.999999999999999645e+01 4.690773344194265615e-01
1.600000000000000000e+01 2.100000000000000000e+01 5.167337886038655403e-01
1.600000000000000355e+01 2.200000000000000000e+01 4.855005071964524355e-01
1.600000000000000000e+01 2.299999999999999645e+01 5.414998028792962215e-01
1.600000000000000000e+01 2.399999999999999645e+01 4.622135374489788062e-01
1.600000000000000355e+01 2.499999999999999645e+01 4.823904967720537007e-01
1.600000000000000000e+01 2.599999999999999645e+01 4.757275223716771473e-01
1.600000000000000355e+01 2.699999999999999645e+01 3.498980674232823884e-01
1.600000000000000000e+01 2.800000000000000355e+01 2.009715971442878613e-01
1.600000000000000000e+01 2.900000000000000355e+01 4.913254222014974415e-01
1.599999999999999645e+01 2.999999999999999289e+01 6.527963715346004614e-01
1.599999999999999822e+01 3.099999999999999645e+01 5.498661040040085934e-01
1.600000000000000000e+01 3.199999999999999289e+01 4.185952726892708253e-01
1.600000000000000355e+01 3.300000000000000000e+01 6.246497349992156112e-01
1.700000000000000000e+01 0.000000000000000000e+00 4.345983392516085675e-01
1.700000000000000000e+01 1.000000000000000222e+00 4.317945223733095084e-01
1.700000000000000000e+01 2.000000000000000000e+00 4.884140093861450982e-01
1.700000000000000355e+01 3.000000000000000444e+00 3.524610972008211385e-01
1.699999999999999645e+01 3.999999999999999556e+00 2.781962376646390789e-01
1.700000000000000000e+01 5.000000000000000000e+00 5.876443502931276708e-01
1.700000000000000000e+01 6.000000000000000000e+00 7.516410426625921293e-01
1.700000000000000355e+01 7.000000000000000888e+00 8.108857329855531093e-01
1.700000000000000000e+01 8.000000000000000000e+00 7.903066976240326058e-01
1.700000000000000000e+01 9.000000000000000000e+00 7.438134897131875034e-01
1.699999999999999645e+01 9.999999999999998224e+00 3.283470623534175403e-01
1.700000000000000000e+01 1.100000000000000178e+01 0.000000000000000000e+00
1.700000000000000000e+01 1.200000000000000000e+01 1.549016960919900876e-01
1.700000000000000355e+01 1.300000000000000000e+01 2.758675375776472594e-01
1.700000000000000000e+01 1.399999999999999645e+01 3.561034787241110777e-01
1.700000000000000000e+01 1.500000000000000178e+01 4.324987223464601405e-01
1.700000000000000000e+01 1.600000000000000000e+01 5.760400131034429938e-01
1.700000000000000000e+01 1.699999999999999645e+01 6.558998704369162214e-01
1.700000000000000000e+01 1.799999999999999645e+01 6.176848520527551401e-01
1.700000000000000000e+01 1.900000000000000000e+01 5.650794966498504657e-01
1.700000000000000000e+01 2.000000000000000000e+01 4.264846696144949934e-01
1.700000000000000000e+01 2.100000000000000000e+01 4.415956961272955450e-01
1.700000000000000355e+01 2.200000000000000000e+01 4.750720084512559671e-01
1.700000000000000000e+01 2.300000000000000000e+01 5.528771924369554336e-01
1.700000000000000000e+01 2.399999999999999645e+01 5.681065178388406967e-01
1.700000000000000000e+01 2.500000000000000000e+01 6.388942581027838852e-01
1.700000000000000000e+01 2.599999999999999645e+01 6.320688355574930473e-01
1.700000000000000000e+01 2.700000000000000000e+01 4.412727907756940904e-01
1.700000000000000000e+01 2.800000000000000355e+01 3.116743192521337358e-01
1.700000000000000711e+01 2.900000000000000000e+01 5.418848553001115453e-01
1.700000000000000355e+01 3.000000000000000000e+01 6.243006445018755013e-01
1.700000000000000355e+01 3.100000000000000000e+01 5.241709425127013544e-01
1.700000000000000000e+01 3.199999999999999645e+01 4.135922858103500688e-01
1.700000000000000000e+01 3.300000000000000000e+01 6.300986284337132259e-01
1.800000000000000000e+01 0.000000000000000000e+00 4.325216386964217952e-01
1.800000000000000000e+01 1.000000000000000000e+00 3.922995073987020631e-01
1.800000000000000000e+01 2.000000000000000000e+00 4.549415818664780953e-01
1.800000000000000355e+01 3.000000000000000444e+00 4.103039956370069796e-01
1.800000000000000000e+01 3.999999999999999556e+00 3.629962333432924515e-01
1.800000000000000000e+01 4.999999999999999112e+00 5.430191790844558497e-01
1.799999999999999645e+01 5.999999999999999112e+00 6.625298195560952452e-01
1.800000000000000000e+01 7.000000000000000888e+00 7.177321733268318127e-01
1.800000000000000355e+01 8.000000000000000000e+00 7.426394496767745323e-01
1.800000000000000000e+01 9.000000000000000000e+00 7.186226951746288449e-01
1.800000000000000355e+01 1.000000000000000000e+01 3.687557343648096286e-01
1.800000000000000000e+01 1.100000000000000000e+01 3.501681850289694448e-02
1.800000000000000000e+01 1.199999999999999645e+01 2.058498324151695758e-01
1.800000000000000000e+01 1.300000000000000000e+01 4.013574543209004197e-01
1.800000000000000355e+01 1.400000000000000178e+01 4.549990879914039832e-01
1.800000000000000000e+01 1.499999999999999822e+01 4.237415489884052144e-01
1.800000000000000000e+01 1.600000000000000000e+01 5.054582591402495551e-01
1.799999999999999645e+01 1.700000000000000000e+01 5.646944981350445758e-01
1.800000000000000000e+01 1.799999999999999645e+01 5.764564135071177375e-01
1.800000000000000000e+01 1.900000000000000000e+01 4.965045817301513287e-01
1.800000000000000355e+01 2.000000000000000000e+01 3.691490694706148212e-01
1.800000000000000000e+01 2.100000000000000355e+01 3.556187937735937887e-01
1.800000000000000000e+01 2.200000000000000000e+01 4.231986786090982666e-01
1.800000000000000000e+01 2.300000000000000000e+01 4.979156107709007406e-01
1.800000000000000355e+01 2.399999999999999645e+01 6.185414148917803834e-01
1.800000000000000355e+01 2.500000000000000355e+01 7.447701366555085079e-01
1.800000000000000000e+01 2.600000000000000000e+01 7.450100676043384107e-01
1.800000000000000000e+01 2.699999999999999645e+01 5.468209321578340054e-01
1.800000000000000355e+01 2.800000000000000000e+01 4.852418972344634818e-01
1.800000000000000355e+01 2.899999999999999645e+01 6.250148990591199993e-01
1.800000000000000000e+01 3.000000000000000000e+01 5.763684176220204014e-01
1.800000000000000000e+01 3.100000000000000000e+01 4.713705588333003682e-01
1.800000000000000355e+01 3.200000000000000000e+01 4.051071335326785205e-01
1.799999999999999645e+01 3.300000000000000711e+01 6.244433289761036621e-01
1.900000000000000000e+01 0.000000000000000000e+00 4.268570932539776375e-01
1.900000000000000355e+01 1.000000000000000222e+00 3.603275413042810182e-01
1.900000000000000355e+01 2.000000000000000000e+00 4.416685437485847188e-01
1.900000000000000000e+01 2.999999999999999556e+00 4.593318367308625860e-01
1.900000000000000000e+01 4.000000000000000000e+00 4.369097111625843688e-01
1.900000000000000000e+01 5.000000000000000000e+00 4.800727954329113145e-01
1.900000000000000000e+01 6.000000000000000888e+00 5.899599846295106031e-01
1.900000000000000000e+01 6.999999999999999112e+00 6.357146502466540783e-01
1.899999999999999645e+01 7.999999999999999112e+00 6.808915197274496567e-01
1.899999999999999645e+01 8.999999999999998224e+00 6.981368173960011969e-01
1.900000000000000000e+01 1.000000000000000000e+01 4.995297228762676789e-01
1.900000000000000000e+01 1.100000000000000178e+01 1.775290130142940792e-01
1.900000000000000000e+01 1.200000000000000000e+01 2.854068372694254507e-01
1.900000000000000000e+01 1.299999999999999822e+01 5.157836015844887712e-01
1.900000000000000355e+01 1.400000000000000000e+01 6.233367318433932214e-01
1.900000000000000000e+01 1.499999999999999645e+01 4.956488065721780245e-01
1.900000000000000000e+01 1.599999999999999822e+01 4.422985778952046587e-01
1.900000000000000000e+01 1.700000000000000000e+01 4.164047216204465607e-01
1.900000000000000000e+01 1.800000000000000000e+01 4.690234191000752784e-01
1.900000000000000000e+01 1.900000000000000000e+01 3.799409245261418655e-01
1.900000000000000355e+01 2.000000000000000000e+01 3.116088085796106522e-01
1.900000000000000000e+01 2.100000000000000000e+01 3.057303938123102638e-01
1.900000000000000000e+01 2.199999999999999645e+01 3.857392387959120428e-01
1.900000000000000000e+01 2.300000000000000355e+01 4.154743698112870476e-01
1.900000000000000355e+01 2.400000000000000355e+01 6.219031057708683807e-01
1.900000000000000000e+01 2.500000000000000000e+01 8.367846799205144181e-01
1.900000000000000355e+01 2.600000000000000355e+01 8.683023023643384741e-01
1.900000000000000000e+01 2.700000000000000000e+01 6.705125687883646268e-01
1.900000000000000355e+01 2.800000000000000000e+01 6.365255089433327074e-01
1.900000000000000355e+01 2.900000000000000000e+01 6.906599369646105879e-01
1.900000000000000355e+01 2.999999999999999289e+01 5.269574710023728903e-01
1.900000000000000000e+01 3.100000000000000355e+01 4.490643663880605763e-01
1.900000000000000000e+01 3.200000000000000000e+01 4.496760543886163530e-01
1.900000000000000355e+01 3.300000000000000711e+01 6.355622129158602363e-01
2.000000000000000000e+01 0.000000000000000000e+00 4.333541331367876115e-01
2.000000000000000000e+01 1.000000000000000000e+00 3.398146233715319542e-01
2.000000000000000000e+01 2.000000000000000000e+00 3.672551985111576767e-01
2.000000000000000000e+01 3.000000000000000444e+00 4.331973338085018388e-01
1.999999999999999645e+01 3.999999999999999556e+00 4.936340359444197357e-01
2.000000000000000000e+01 5.000000000000000000e+00 4.887194837015181870e-01
2.000000000000000000e+01 6.000000000000000888e+00 5.770776432724540328e-01
2.000000000000000000e+01 6.999999999999999112e+00 5.771810016695924084e-01
2.000000000000000000e+01 7.999999999999999112e+00 6.710787341383349647e-01
2.000000000000000000e+01 9.000000000000000000e+00 7.214229733172897729e-01
1.999999999999999645e+01 9.999999999999998224e+00 6.225603343603698381e-01
2.000000000000000000e+01 1.099999999999999822e+01 2.783732456903438290e-01
2.000000000000000000e+01 1.200000000000000178e+01 3.184195549758639388e-01
1.999999999999999645e+01 1.300000000000000000e+01 5.437989275201041695e-01
2.000000000000000355e+01 1.400000000000000178e+01 7.195046836110261523e-01
2.000000000000000000e+01 1.499999999999999645e+01 5.493382183892228099e-01
1.999999999999999645e+01 1.600000000000000000e+01 4.169360950768993823e-01
2.000000000000000000e+01 1.700000000000000000e+01 3.570797847748966580e-01
2.000000000000000000e+01 1.799999999999999645e+01 4.527835936067245437e-01
2.000000000000000000e+01 1.900000000000000000e+01 3.738762728615883657e-01
2.000000000000000355e+01 2.000000000000000000e+01 3.401770645445311159e-01
2.000000000000000000e+01 2.099999999999999645e+01 3.681692684493266254e-01
2.000000000000000355e+01 2.200000000000000000e+01 4.062512693533684160e-01
2.000000000000000000e+01 2.299999999999999645e+01 3.804339604354385340e-01
2.000000000000000355e+01 2.400000000000000000e+01 6.181460193002265013e-01
2.000000000000000000e+01 2.499999999999999645e+01 8.921556605458745848e-01
2.000000000000000000e+01 2.599999999999999645e+01 9.098625452211300813e-01
2.000000000000000355e+01 2.700000000000000000e+01 7.534302270546392455e-01
2.000000000000000355e+01 2.800000000000000000e+01 7.559398769998026957e-01
2.000000000000000355e+01 2.900000000000000000e+01 7.504226732180432347e-01
2.000000000000000000e+01 2.999999999999999645e+01 4.903848415193798327e-01
2.000000000000000000e+01 3.100000000000000000e+01 4.743394367382950394e-01
2.000000000000000000e+01 3.199999999999999645e+01 5.163733059876270959e-01
2.000000000000000000e+01 3.300000000000000000e+01 6.308206426670701639e-01
2.100000000000000000e+01 0.000000000000000000e+00 4.725488042572535963e-01
2.100000000000000000e+01 9.999999999999997780e-01 4.070852117023180949e-01
2.100000000000000000e+01 1.999999999999999778e+00 3.442463854646527488e-01
2.099999999999999645e+01 3.000000000000000000e+00 4.445444607189034669e-01
2.100000000000000000e+01 3.999999999999999112e+00 5.741032303570150486e-01
2.100000000000000000e+01 4.999999999999999112e+00 5.547769511132440989e-01
2.100000000000000000e+01 5.999999999999999112e+00 5.560072983108359512e-01
2.100000000000000000e+01 7.000000000000000000e+00 4.608042108668439774e-01
2.100000000000000000e+01 7.999999999999999112e+00 5.426322479817000666e-01
2.100000000000000000e+01 9.000000000000000000e+00 6.030879034094298596e-01
2.100000000000000355e+01 1.000000000000000000e+01 5.941510072589352154e-01
2.100000000000000000e+01 1.100000000000000178e+01 3.334190396427236247e-01
2.100000000000000000e+01 1.199999999999999822e+01 3.671789150202875995e-01
2.100000000000000000e+01 1.300000000000000178e+01 5.587000305286314861e-01
2.099999999999999645e+01 1.399999999999999645e+01 7.882510749906347369e-01
2.100000000000000000e+01 1.500000000000000178e+01 6.597740792366711959e-01
2.100000000000000355e+01 1.600000000000000355e+01 5.221287026557371869e-01
2.100000000000000000e+01 1.700000000000000000e+01 4.273581700900804248e-01
2.100000000000000000e+01 1.800000000000000000e+01 4.772113791206348266e-01
2.100000000000000000e+01 1.900000000000000000e+01 3.002438290335658899e-01
2.099999999999999645e+01 2.000000000000000000e+01 3.032409804832365552e-01
2.100000000000000000e+01 2.099999999999999645e+01 4.305179024772020080e-01
2.100000000000000355e+01 2.200000000000000000e+01 5.004530329331317029e-01
2.100000000000000000e+01 2.299999999999999645e+01 3.943925812485177818e-01
2.100000000000000000e+01 2.400000000000000000e+01 6.088079050267296566e-01
2.099999999999999645e+01 2.499999999999999289e+01 8.704255230805800769e-01
2.100000000000000000e+01 2.599999999999999645e+01 8.694953883416509655e-01
2.100000000000000355e+01 2.700000000000000355e+01 7.791398876943935736e-01
2.100000000000000355e+01 2.799999999999999645e+01 8.110898976091091006e-01
2.099999999999999645e+01 2.899999999999999645e+01 7.711305370501297940e-01
2.099999999999999645e+01 2.999999999999999289e+01 4.852091220065884447e-01
2.100000000000000000e+01 3.100000000000000355e+01 5.139028620875302211e-01
2.100000000000000000e+01 3.200000000000000000e+01 5.374590665157120695e-01
2.100000000000000355e+01 3.299999999999999289e+01 5.438704264653116960e-01
2.200000000000000000e+01 0.000000000000000000e+00 5.375373959041606087e-01
2.200000000000000000e+01 9.999999999999998890e-01 5.366758981359199820e-01
2.200000000000000000e+01 2.000000000000000000e+00 3.660073302673943485e-01
2.200000000000000000e+01 3.000000000000000000e+00 4.343405832245271769e-01
2.200000000000000000e+01 4.000000000000000000e+00 6.548926275839640487e-01
2.200000000000000000e+01 5.000000000000000000e+00 6.672367880121589101e-01
2.199999999999999645e+01 6.000000000000000000e+00 5.819876394211159765e-01
2.200000000000000000e+01 7.000000000000000000e+00 3.531496341266274208e-01
2.200000000000000355e+01 8.000000000000000000e+00 4.414029546342336796e-01
2.200000000000000000e+01 9.000000000000000000e+00 4.898845934988607098e-01
2.200000000000000000e+01 9.999999999999998224e+00 5.417819937197509983e-01
2.199999999999999645e+01 1.099999999999999822e+01 3.639640431898015782e-01
2.200000000000000000e+01 1.200000000000000000e+01 4.396085782801162911e-01
2.200000000000000000e+01 1.299999999999999822e+01 5.708274342060769557e-01
2.200000000000000000e+01 1.400000000000000178e+01 8.420917638330897015e-01
2.200000000000000355e+01 1.499999999999999822e+01 7.336242863016931848e-01
2.200000000000000000e+01 1.600000000000000000e+01 5.835178241597555049e-01
2.199999999999999645e+01 1.699999999999999645e+01 4.519192863173311370e-01
2.200000000000000000e+01 1.800000000000000000e+01 5.271249992917294014e-01
2.200000000000000000e+01 1.900000000000000000e+01 3.471867018236608482e-01
2.199999999999999645e+01 2.000000000000000000e+01 3.757557881932270250e-01
2.200000000000000000e+01 2.100000000000000000e+01 5.374683194750295989e-01
2.200000000000000000e+01 2.199999999999999645e+01 5.690387837834010032e-01
2.200000000000000355e+01 2.300000000000000000e+01 3.957088735268531332e-01
2.200000000000000355e+01 2.400000000000000000e+01 5.514656326300912959e-01
2.200000000000000355e+01 2.500000000000000000e+01 7.777259704812058416e-01
2.199999999999999645e+01 2.599999999999999289e+01 7.901784143080446965e-01
2.200000000000000000e+01 2.700000000000000000e+01 7.603984476433336415e-01
2.200000000000000355e+01 2.800000000000000355e+01 8.177418573570963689e-01
2.200000000000000355e+01 2.900000000000000000e+01 7.610719941338631722e-01
2.200000000000000000e+01 3.000000000000000355e+01 5.012434090996049640e-01
2.200000000000000355e+01 3.099999999999999645e+01 5.160248690424640294e-01
2.200000000000000355e+01 3.199999999999999645e+01 5.069300076024412238e-01
2.200000000000000000e+01 3.299999999999999289e+01 4.250903833994439385e-01
2.299999999999999645e+01 0.000000000000000000e+00 5.136895399985537125e-01
2.300000000000000355e+01 1.000000000000000000e+00 6.236420954367051239e-01
2.300000000000000000e+01 2.000000000000000000e+00 4.395928218628705753e-01
2.300000000000000000e+01 2.999999999999999556e+00 5.236221235632328996e-01
2.300000000000000000e+01 4.000000000000000000e+00 7.629001804083512805e-01
2.300000000000000000e+01 5.000000000000000000e+00 7.934982644124745077e-01
2.299999999999999645e+01 5.999999999999999112e+00 5.736583403225472555e-01
2.300000000000000000e+01 7.000000000000000000e+00 2.367309494755141519e-01
2.300000000000000000e+01 8.000000000000001776e+00 2.754005082814151018e-01
2.300000000000000355e+01 9.000000000000001776e+00 3.408385141792401041e-01
2.300000000000000355e+01 1.000000000000000000e+01 4.183860164912704405e-01
2.299999999999999645e+01 1.100000000000000000e+01 4.006333828841653899e-01
2.300000000000000000e+01 1.200000000000000000e+01 5.333176027104992167e-01
2.300000000000000000e+01 1.300000000000000178e+01 6.109115203047971177e-01
2.300000000000000000e+01 1.400000000000000178e+01 8.101531348813026945e-01
2.300000000000000000e+01 1.500000000000000178e+01 7.336945007956594544e-01
2.300000000000000000e+01 1.600000000000000000e+01 6.151006095893011283e-01
2.300000000000000000e+01 1.699999999999999645e+01 4.765740593988105345e-01
2.300000000000000355e+01 1.800000000000000000e+01 5.202977156607783149e-01
2.300000000000000355e+01 1.900000000000000000e+01 3.353223602913811829e-01
2.300000000000000000e+01 2.000000000000000000e+01 4.217258043486896701e-01
2.300000000000000000e+01 2.100000000000000000e+01 6.720918473330710352e-01
2.300000000000000000e+01 2.200000000000000000e+01 7.128352117536439492e-01
2.300000000000000000e+01 2.299999999999999645e+01 4.655751582797981181e-01
2.300000000000000000e+01 2.400000000000000355e+01 5.274470815241182331e-01
2.300000000000000355e+01 2.500000000000000000e+01 6.745569721351837300e-01
2.299999999999999645e+01 2.599999999999999645e+01 6.640598374392993053e-01
2.300000000000000711e+01 2.700000000000000355e+01 6.304469632740510310e-01
2.300000000000000000e+01 2.799999999999999645e+01 7.401887461064821094e-01
2.299999999999999645e+01 2.899999999999999289e+01 7.727528763708176873e-01
2.300000000000000355e+01 3.000000000000000000e+01 5.741488503308591618e-01
2.300000000000000355e+01 3.099999999999999645e+01 5.101079763406628498e-01
2.300000000000000000e+01 3.200000000000000000e+01 4.057613848692246949e-01
2.300000000000000355e+01 3.299999999999999289e+01 3.172497158601741973e-01
2.400000000000000355e+01 0.000000000000000000e+00 5.315673185690142910e-01
2.399999999999999645e+01 9.999999999999998890e-01 7.031538545225798353e-01
2.400000000000000355e+01 2.000000000000000000e+00 5.535263217327414109e-01
2.399999999999999645e+01 2.999999999999999556e+00 6.409416187038285972e-01
2.400000000000000000e+01 4.000000000000000000e+00 8.886669232720193490e-01
2.399999999999999645e+01 4.999999999999999112e+00 8.903601971650335622e-01
2.400000000000000000e+01 6.000000000000000000e+00 5.303510787834332385e-01
2.400000000000000000e+01 7.000000000000000888e+00 7.690650088773362536e-02
2.399999999999999645e+01 8.000000000000000000e+00 8.654062840314845351e-02
2.400000000000000000e+01 9.000000000000000000e+00 2.210502357424831976e-01
2.400000000000000000e+01 1.000000000000000000e+01 3.546521074084983405e-01
2.400000000000000000e+01 1.100000000000000000e+01 4.517390781450345005e-01
2.400000000000000000e+01 1.200000000000000000e+01 6.081860083761130298e-01
2.400000000000000000e+01 1.300000000000000000e+01 6.295514700780082684e-01
2.400000000000000000e+01 1.399999999999999822e+01 7.445496390547872156e-01
2.400000000000000000e+01 1.500000000000000178e+01 6.777398916825301267e-01
2.400000000000000000e+01 1.599999999999999645e+01 6.141390912842643601e-01
2.399999999999999645e+01 1.700000000000000000e+01 4.961236255519281824e-01
2.400000000000000000e+01 1.800000000000000000e+01 5.523732457986783029e-01
2.400000000000000000e+01 1.900000000000000000e+01 3.633292932034768996e-01
2.400000000000000000e+01 2.000000000000000000e+01 4.486626981770159839e-01
2.400000000000000000e+01 2.100000000000000000e+01 6.708463156594079990e-01
2.400000000000000000e+01 2.200000000000000355e+01 7.393800727466202094e-01
2.400000000000000711e+01 2.300000000000000711e+01 5.150533248366491179e-01
2.400000000000000000e+01 2.399999999999999645e+01 4.802870618144790549e-01
2.400000000000000000e+01 2.500000000000000355e+01 5.256495846024337171e-01
2.400000000000000000e+01 2.600000000000000000e+01 5.234230824646382008e-01
2.400000000000000000e+01 2.699999999999999645e+01 5.562953773552704595e-01
2.399999999999999289e+01 2.799999999999999645e+01 7.369488325421233998e-01
2.400000000000000000e+01 2.899999999999999645e+01 8.222110264346071951e-01
2.400000000000000000e+01 2.999999999999999645e+01 6.077990751883290965e-01
2.400000000000000000e+01 3.099999999999999645e+01 4.230235648806257021e-01
2.400000000000000355e+01 3.199999999999999645e+01 3.106135388860587487e-01
2.400000000000000355e+01 3.300000000000000000e+01 2.927338526541224395e-01
2.499999999999999645e+01 0.000000000000000000e+00 5.793882458927450685e-01
2.500000000000000000e+01 1.000000000000000222e+00 7.201931240211815188e-01
2.500000000000000000e+01 2.000000000000000444e+00 5.851119353818460267e-01
2.500000000000000355e+01 3.000000000000000000e+00 6.370295795323179799e-01
2.500000000000000000e+01 4.000000000000000000e+00 8.283983362403591899e-01
2.500000000000000000e+01 5.000000000000000000e+00 8.260087573252350435e-01
2.500000000000000000e+01 6.000000000000000000e+00 4.748622261419709334e-01
2.500000000000000000e+01 7.000000000000000000e+00 2.158247403697150305e-02
2.500000000000000355e+01 8.000000000000000000e+00 7.671822303031387326e-03
2.500000000000000000e+01 9.000000000000001776e+00 1.823324196576766587e-01
2.500000000000000000e+01 1.000000000000000000e+01 3.487303349071005365e-01
2.500000000000000355e+01 1.100000000000000178e+01 4.883990993107997780e-01
2.500000000000000000e+01 1.200000000000000000e+01 5.994267617557320627e-01
2.499999999999999645e+01 1.300000000000000000e+01 5.728741215033271716e-01
2.500000000000000000e+01 1.400000000000000000e+01 6.281800687482023138e-01
2.499999999999999645e+01 1.500000000000000000e+01 6.209065318692217339e-01
2.499999999999999645e+01 1.600000000000000000e+01 5.743233075406184440e-01
2.499999999999999645e+01 1.699999999999999645e+01 4.454898552737108219e-01
2.500000000000000355e+01 1.800000000000000355e+01 4.910815821874860987e-01
2.500000000000000000e+01 1.900000000000000000e+01 4.155689782108452079e-01
2.499999999999999645e+01 2.000000000000000000e+01 5.221569025679644316e-01
2.500000000000000355e+01 2.100000000000000355e+01 6.786537123869755828e-01
2.499999999999999289e+01 2.199999999999999645e+01 7.194819776586903748e-01
2.500000000000000000e+01 2.300000000000000355e+01 5.317703148264372182e-01
2.500000000000000355e+01 2.400000000000000000e+01 4.379403656590584171e-01
2.500000000000000355e+01 2.500000000000000000e+01 4.207841624625550669e-01
2.500000000000000000e+01 2.600000000000000000e+01 4.296886860600345193e-01
2.500000000000000711e+01 2.700000000000000000e+01 4.904665678638896464e-01
2.499999999999999645e+01 2.799999999999999289e+01 7.039128228093195494e-01
2.500000000000000000e+01 2.899999999999999645e+01 8.049547766774540758e-01
2.500000000000000000e+01 2.999999999999999289e+01 5.613051374475627187e-01
2.500000000000000000e+01 3.099999999999998934e+01 3.350301138629149245e-01
2.500000000000000000e+01 3.200000000000000000e+01 2.712952611058764285e-01
2.500000000000000355e+01 3.300000000000000000e+01 3.056246899482467083e-01
2.600000000000000000e+01 0.000000000000000000e+00 6.208356419088220113e-01
2.600000000000000000e+01 1.000000000000000000e+00 7.104581808159532441e-01
2.600000000000000000e+01 2.000000000000000000e+00 6.070915827700593681e-01
2.600000000000000000e+01 3.000000000000000000e+00 6.653818597352704201e-01
2.600000000000000000e+01 4.000000000000000000e+00 7.568168047342122007e-01
2.599999999999999645e+01 4.999999999999999112e+00 7.140226070607256226e-01
2.600000000000000000e+01 6.000000000000000000e+00 4.438772281076437953e-01
2.600000000000000355e+01 7.000000000000001776e+00 6.793311917932781663e-02
2.600000000000000355e+01 8.000000000000000000e+00 7.877457439123287941e-02
2.600000000000000000e+01 9.000000000000000000e+00 2.806795472754975429e-01
2.600000000000000000e+01 1.000000000000000000e+01 4.486625957853902502e-01
2.600000000000000000e+01 1.100000000000000000e+01 5.241103310085393208e-01
2.600000000000000000e+01 1.200000000000000000e+01 5.515182681809093213e-01
2.599999999999999645e+01 1.299999999999999822e+01 5.226091082589777725e-01
2.599999999999999645e+01 1.400000000000000000e+01 5.859071639849916524e-01
2.600000000000000000e+01 1.500000000000000178e+01 6.655822295965861946e-01
2.600000000000000000e+01 1.600000000000000000e+01 6.304558897646698190e-01
2.599999999999999645e+01 1.700000000000000000e+01 4.817364949915469152e-01
2.600000000000000355e+01 1.800000000000000355e+01 5.030155189569761598e-01
2.600000000000000355e+01 1.900000000000000355e+01 5.019653627546569741e-01
2.599999999999999645e+01 2.000000000000000000e+01 5.729846734176146095e-01
2.599999999999999645e+01 2.100000000000000000e+01 6.446016310025269869e-01
2.600000000000000355e+01 2.200000000000000355e+01 6.743068273891344999e-01
2.600000000000000000e+01 2.299999999999999289e+01 5.593925300680533397e-01
2.600000000000000000e+01 2.400000000000000000e+01 4.355967022334240046e-01
2.600000000000000000e+01 2.500000000000000000e+01 3.926977931494843310e-01
2.600000000000000000e+01 2.599999999999999645e+01 3.679909501843135478e-01
2.600000000000000000e+01 2.700000000000000000e+01 4.145051948436623279e-01
2.600000000000000000e+01 2.799999999999999645e+01 6.486813685004777508e-01
2.600000000000000000e+01 2.900000000000000355e+01 7.953588426267421685e-01
2.600000000000000000e+01 2.999999999999999645e+01 5.317328685419743239e-01
2.600000000000000355e+01 3.100000000000000000e+01 2.381158385425092283e-01
2.600000000000000355e+01 3.199999999999999645e+01 2.059542613159078550e-01
2.600000000000000355e+01 3.300000000000000000e+01 3.180551058673203868e-01
2.700000000000000000e+01 0.000000000000000000e+00 6.641722483614668215e-01
2.700000000000000000e+01 9.999999999999998890e-01 7.219358321976339088e-01
2.700000000000000000e+01 1.999999999999999778e+00 6.604631029750059890e-01
2.700000000000000355e+01 3.000000000000000444e+00 6.502963161740232811e-01
2.700000000000000000e+01 4.000000000000000000e+00 6.073372237493840364e-01
2.700000000000000000e+01 5.000000000000000000e+00 5.386430752329114391e-01
2.700000000000000000e+01 6.000000000000000000e+00 4.475018454922179978e-01
2.700000000000000355e+01 7.000000000000000000e+00 2.013867249432820805e-01
2.700000000000000000e+01 8.000000000000000000e+00 1.959202582689618388e-01
2.700000000000000000e+01 9.000000000000000000e+00 3.768824488747092305e-01
2.700000000000000355e+01 1.000000000000000178e+01 6.090682597221056538e-01
2.700000000000000000e+01 1.100000000000000000e+01 6.458212161832646014e-01
2.700000000000000000e+01 1.200000000000000000e+01 5.677885574837662208e-01
2.700000000000000000e+01 1.300000000000000000e+01 5.158683749396126839e-01
2.700000000000000000e+01 1.400000000000000178e+01 5.796656940624943521e-01
2.700000000000000000e+01 1.500000000000000000e+01 7.100412374595765908e-01
2.700000000000000000e+01 1.600000000000000000e+01 6.648882108754052833e-01
2.699999999999999645e+01 1.700000000000000000e+01 4.874723208060513513e-01
2.700000000000000355e+01 1.799999999999999645e+01 4.549604822853155484e-01
2.700000000000000355e+01 1.900000000000000355e+01 4.965340779143452843e-01
2.700000000000000000e+01 1.999999999999999645e+01 5.424088976555271335e-01
2.700000000000000000e+01 2.100000000000000000e+01 5.469849709960468154e-01
2.700000000000000355e+01 2.200000000000000355e+01 6.040479389540091004e-01
2.700000000000000000e+01 2.300000000000000000e+01 5.564666537592830586e-01
2.699999999999999645e+01 2.400000000000000000e+01 4.450783635769241520e-01
2.699999999999999645e+01 2.500000000000000000e+01 4.376297360219575938e-01
2.700000000000000000e+01 2.600000000000000000e+01 4.539639526999963426e-01
2.700000000000000000e+01 2.699999999999999289e+01 4.892976374596284539e-01
2.700000000000000711e+01 2.800000000000000000e+01 6.622053391180516835e-01
2.700000000000000000e+01 2.900000000000000355e+01 7.866668750306532454e-01
2.700000000000000000e+01 2.999999999999999645e+01 5.065758298316966890e-01
2.699999999999999645e+01 3.099999999999999645e+01 2.322301322342477659e-01
2.700000000000000000e+01 3.199999999999999645e+01 2.441774852001077911e-01
2.700000000000000355e+01 3.300000000000000000e+01 3.927554688460595522e-01
2.800000000000000000e+01 0.000000000000000000e+00 6.368008322358610362e-01
2.799999999999999645e+01 1.000000000000000000e+00 6.426463860159270514e-01
2.800000000000000000e+01 1.999999999999999778e+00 5.944476589194661598e-01
2.800000000000000000e+01 3.000000000000000444e+00 5.481513076145381191e-01
2.800000000000000355e+01 4.000000000000000888e+00 4.072038144516840208e-01
2.800000000000000000e+01 5.000000000000000000e+00 3.744671133593158174e-01
2.800000000000000355e+01 6.000000000000000000e+00 5.047297896398295070e-01
2.800000000000000000e+01 7.000000000000000000e+00 3.957755801896981063e-01
2.800000000000000000e+01 7.999999999999999112e+00 3.934191383674308651e-01
2.800000000000000000e+01 9.000000000000000000e+00 5.287919500132927109e-01
2.799999999999999645e+01 9.999999999999998224e+00 7.604505325521907499e-01
2.800000000000000000e+01 1.100000000000000000e+01 6.972494811077404320e-01
2.800000000000000355e+01 1.200000000000000178e+01 5.310951739365953328e-01
2.800000000000000000e+01 1.300000000000000000e+01 4.696595544627144569e-01
2.799999999999999645e+01 1.399999999999999822e+01 5.803921226520902810e-01
2.800000000000000000e+01 1.500000000000000000e+01 7.594960221412038193e-01
2.799999999999999645e+01 1.599999999999999645e+01 6.830671808663083544e-01
2.800000000000000000e+01 1.699999999999999645e+01 4.767574417021611111e-01
2.800000000000000000e+01 1.800000000000000355e+01 4.208330496976978585e-01
2.800000000000000355e+01 1.899999999999999645e+01 4.911997567195297010e-01
2.800000000000000000e+01 2.000000000000000355e+01 4.635857472589040573e-01
2.800000000000000000e+01 2.100000000000000000e+01 4.136527723265345236e-01
2.799999999999999645e+01 2.199999999999999645e+01 5.153308657342690058e-01
2.799999999999999645e+01 2.300000000000000000e+01 5.607113723796698368e-01
2.800000000000000355e+01 2.400000000000000000e+01 4.942988013260747882e-01
2.799999999999999645e+01 2.500000000000000355e+01 5.216406174057991452e-01
2.799999999999999645e+01 2.600000000000000000e+01 5.521399683409649040e-01
2.800000000000000711e+01 2.700000000000000000e+01 5.422714661689952420e-01
2.800000000000000355e+01 2.799999999999999645e+01 6.354112485846652447e-01
2.800000000000000000e+01 2.900000000000000000e+01 7.264179787474643879e-01
2.800000000000000355e+01 3.000000000000000355e+01 4.949169377560298511e-01
2.800000000000000000e+01 3.099999999999999645e+01 2.913227632240375509e-01
2.800000000000000355e+01 3.200000000000000000e+01 2.944853356476068718e-01
2.800000000000000711e+01 3.299999999999999289e+01 4.301081818556062863e-01
2.900000000000000000e+01 0.000000000000000000e+00 5.484052732381983208e-01
2.900000000000000000e+01 1.000000000000000000e+00 5.684805908054315626e-01
2.899999999999999645e+01 2.000000000000000000e+00 5.595870029116746247e-01
2.900000000000000000e+01 3.000000000000000000e+00 4.982890850480749534e-01
2.900000000000000000e+01 4.000000000000000000e+00 2.508447332083070247e-01
2.900000000000000000e+01 5.000000000000000000e+00 2.388571534964487042e-01
2.900000000000000000e+01 6.000000000000000000e+00 5.196145805172699417e-01
2.900000000000000355e+01 7.000000000000000000e+00 5.439496266182070050e-01
2.900000000000000355e+01 8.000000000000000000e+00 5.453933066179688094e-01
2.900000000000000355e+01 9.000000000000000000e+00 6.522826990697531135e-01
2.899999999999999645e+01 9.999999999999998224e+00 8.606161468107271784e-01
2.900000000000000000e+01 1.100000000000000000e+01 7.592857996466612081e-01
2.900000000000000000e+01 1.199999999999999822e+01 5.418500903262003510e-01
2.899999999999999645e+01 1.300000000000000000e+01 4.652720984598500142e-01
2.899999999999999645e+01 1.399999999999999822e+01 5.550977082924780648e-01
2.900000000000000000e+01 1.500000000000000178e+01 7.777391575487325737e-01
2.899999999999999645e+01 1.599999999999999822e+01 7.417735747549347725e-01
2.899999999999999645e+01 1.699999999999999645e+01 5.615050166561443845e-01
2.900000000000000000e+01 1.800000000000000000e+01 4.510978317255279757e-01
2.899999999999999645e+01 1.899999999999999645e+01 4.357566905995319262e-01
2.899999999999999289e+01 2.000000000000000000e+01 3.499792952169665794e-01
2.900000000000000355e+01 2.100000000000000000e+01 2.674109584560883657e-01
2.899999999999999645e+01 2.199999999999999645e+01 4.256517093169220889e-01
2.900000000000000000e+01 2.299999999999999645e+01 5.256386423883461223e-01
2.900000000000000000e+01 2.400000000000000000e+01 5.752196745229104513e-01
2.899999999999999645e+01 2.500000000000000000e+01 6.506535309295030656e-01
2.900000000000000000e+01 2.599999999999999645e+01 6.750570991577603541e-01
2.900000000000000355e+01 2.700000000000000000e+01 6.109456331743396973e-01
2.900000000000000000e+01 2.800000000000000000e+01 6.113447905644023850e-01
2.900000000000000000e+01 2.899999999999999645e+01 6.303706536573119301e-01
2.900000000000000355e+01 3.000000000000000000e+01 4.475304917537953342e-01
2.900000000000000000e+01 3.099999999999999645e+01 3.370063130212074820e-01
2.900000000000000355e+01 3.199999999999999289e+01 3.343050225816120435e-01
2.900000000000000355e+01 3.300000000000000000e+01 4.408358669801360485e-01
