0.000000000000000000e+00 1.570796326794896558e+00 4.715951885563458013e-01
1.570796326794896558e+00 5.078434892799443823e-01 1.144432880536761843e+00
1.570796326794896558e+00 3.180058259229566753e-01 2.105571611454990499e+00
1.570796326794896558e+00 2.035954007460819559e-01 3.063268912616483597e+00
1.570796326794896558e+00 8.685360337057503044e-02 4.015134663692482953e+00
1.570796326794896558e+00 6.561820133486982731e-02 5.010783716687186917e+00
1.570796326794896558e+00 9.362239811945927137e-02 6.026391838719043825e+00
1.570796326794896558e+00 9.535504169947979503e-02 7.031945059218563721e+00
1.570796326794896558e+00 4.892675763819637896e-02 8.009584870442875371e+00
1.570796326794896558e+00 3.226682310511393148e-02 9.004687198769927292e+00
1.570796326794896558e+00 3.545208367368218871e-02 1.000628754385138386e+01
1.570796326794896558e+00 4.849120311279908613e-02 1.101294536519221090e+01
1.570796326794896558e+00 5.133800491373462227e-02 1.201583092897036487e+01
1.570796326794896558e+00 4.855322373791626234e-02 1.301533826673631999e+01
1.570796326794896558e+00 4.088359017306576748e-02 1.401170842975886721e+01
1.570796326794896558e+00 3.909596822496723412e-02 1.501147101595228861e+01
1.570796326794896558e+00 4.387481864526545511e-02 1.601541235944603869e+01
1.570796326794896558e+00 3.756638357893857250e-02 1.701200253954876018e+01
1.570796326794896558e+00 2.681743436166486236e-02 1.800647451318549130e+01
1.570796326794896558e+00 2.674205037960804970e-02 1.900679582892067998e+01
1.570796326794896558e+00 2.931928210541511967e-02 2.000859928305458624e+01
1.570796326794896558e+00 2.601712135686942706e-02 2.100710935643216004e+01
1.570796326794896558e+00 2.125764062447924388e-02 2.200497169623251281e+01
1.570796326794896558e+00 2.472893369405292779e-02 2.300703427418148905e+01
1.570796326794896558e+00 2.767087568454677793e-02 2.400919106055592422e+01
1.570796326794896558e+00 2.229473820531779893e-02 2.500621447894749139e+01
1.570796326794896558e+00 2.092635583891408121e-02 2.600569389971730772e+01
1.570796326794896558e+00 2.291246644037369870e-02 2.700708879570829879e+01
1.570796326794896558e+00 2.799967941441545635e-02 2.801097933513490545e+01
1.570796326794896558e+00 2.882374795595150918e-02 2.901205089409589988e+01
1.570796326794896558e+00 2.341056021257675174e-02 3.000822269263266762e+01
1.570796326794896558e+00 1.951243948818079735e-02 3.100590233340995994e+01
1.570796326794896558e+00 2.042129923103076783e-02 3.200667363101701568e+01
1.570796326794896558e+00 1.815432229843685907e-02 3.300543880727934010e+01
0.000000000000000000e+00 4.251472314504180505e-01 1.097721330147472196e+00
7.853981633974482790e-01 3.840222870155699519e-01 1.525309184258183404e+00
1.107148717794090409e+00 3.053057828018235775e-01 2.344488659840146649e+00
1.249045772398254428e+00 2.046184699417143704e-01 3.229652802939168232e+00
1.325817663668032553e+00 1.004361757865258886e-01 4.143989152405312737e+00
1.373400766945015894e+00 7.913346313206855165e-02 5.115026574529909276e+00
1.405647649380269870e+00 9.884116636796340394e-02 6.112596970121124684e+00
1.428899272190732761e+00 9.492876341876299584e-02 7.103048238649028789e+00
1.446441332248135092e+00 5.416798391856731537e-02 8.074100245518623709e+00
1.460139105621000910e+00 3.493544174752168108e-02 9.060913930963350182e+00
1.471127674303734700e+00 3.398655619504558495e-02 1.005568265125584304e+01
1.480136439594151421e+00 4.802270099852289087e-02 1.105810956137866263e+01
1.487655094906455311e+00 5.501282076904016188e-02 1.205983898820338318e+01
1.494024435525118655e+00 5.053703731308258756e-02 1.305507253884313279e+01
1.499488862009606294e+00 4.081489963701814827e-02 1.404736766952249916e+01
1.504228163019072806e+00 3.761782189491000294e-02 1.504393946650938929e+01
1.508377516798939277e+00 4.379182085866339252e-02 1.604660355808535854e+01
1.512040504079174008e+00 3.888795026823452239e-02 1.704227102244678349e+01
1.515297821549179691e+00 2.771882683511861165e-02 1.803468425851254864e+01
1.518213265183954830e+00 2.463455900258118905e-02 1.903207221431840424e+01
1.520837931072953841e+00 3.011210735723821377e-02 2.003406654303482171e+01
1.523213223517913217e+00 2.953933617646339882e-02 2.103297176952836622e+01
1.525373047373319579e+00 2.744830092153920445e-02 2.203101420915536224e+01
1.527345431403365872e+00 2.987823660819498295e-02 2.303200854259833719e+01
1.529153747696308185e+00 3.207753735910211929e-02 2.403318793422904776e+01
1.530817639671606667e+00 2.226951354215309445e-02 2.502619738640239433e+01
1.532353736773708563e+00 1.733000876747665953e-02 2.602313131787091294e+01
1.533776210920966498e+00 2.011346891450687541e-02 2.702397828518794753e+01
1.535097214115572539e+00 2.656585278210279663e-02 2.802774108312932100e+01
1.536327225795388607e+00 2.747926081410577773e-02 2.902819530447170138e+01
1.537475330916649341e+00 2.025359309002211505e-02 3.002281963000547549e+01
1.538549444359642804e+00 1.891877825902416044e-02 3.102167631479933974e+01
1.539556493364628409e+00 2.097107944927758399e-02 3.202266249120031461e+01
1.540502566876121415e+00 1.884443873949196574e-02 3.302101095794443353e+01
0.000000000000000000e+00 2.078244535078710986e-01 2.043982175312227145e+00
4.636476090008060935e-01 2.410305842759577488e-01 2.302631323629927174e+00
7.853981633974482790e-01 2.349462011553863361e-01 2.908328008056744185e+00
9.827937232473290541e-01 1.632604746119893924e-01 3.654141921162858964e+00
1.107148717794090409e+00 8.215480805573469048e-02 4.487270659907089509e+00
1.190289949682531656e+00 7.661694281988708222e-02 5.401009437769627830e+00
1.249045772398254428e+00 9.616092834031027270e-02 6.353909750751937757e+00
1.292496667789785336e+00 8.665193010881107327e-02 7.307527219754153869e+00
1.325817663668032553e+00 5.197615535035416540e-02 8.257362458368998404e+00
1.352127380920954636e+00 3.798557989852686251e-02 9.226199918645432874e+00
1.373400766945015894e+00 3.648377072027845364e-02 1.020482992252900978e+01
1.390942827002418447e+00 4.875043701040214505e-02 1.119363868279313401e+01
1.405647649380269870e+00 5.472848520604530614e-02 1.218376695933347520e+01
1.418146998399631542e+00 4.724875666932235041e-02 1.316764172179952652e+01
1.428899272190732761e+00 3.783222021500839971e-02 1.415226231877600682e+01
1.438244794498222623e+00 3.719618807838040442e-02 1.514322049253313729e+01
1.446441332248135092e+00 4.714378550695394465e-02 1.614245076752310837e+01
1.453687582228032404e+00 4.251713541676157421e-02 1.713272590859649114e+01
1.460139105621000910e+00 2.756255498962547831e-02 1.811765178024444367e+01
1.465919388064662821e+00 2.069981077345487558e-02 1.910906697556744760e+01
1.471127674303734700e+00 3.002176134259457174e-02 2.010881265991961442e+01
1.475844620452140266e+00 3.441473779347681283e-02 2.110752147778744003e+01
1.480136439594151421e+00 3.351966846295102720e-02 2.210313806302308137e+01
1.484057988118911542e+00 3.362478063777644272e-02 2.309985017504113358e+01
1.487655094906455311e+00 3.267149051478496213e-02 2.409604839146519950e+01
1.490966341082659241e+00 2.144300806123914521e-02 2.508563940803530201e+01
1.494024435525118655e+00 1.471922394414706958e-02 2.607963471865170746e+01
1.496857289136956259e+00 1.956506203835861601e-02 2.707915541336033982e+01
1.499488862009606294e+00 2.716581622437575297e-02 2.808169894616610307e+01
1.501939837493851959e+00 2.747630797521159393e-02 2.907985990069917648e+01
1.504228163019072806e+00 1.797058946342474511e-02 3.007144829418777476e+01
1.506369487369343174e+00 1.796027743274798000e-02 3.106946006150243988e+01
1.508377516798939277e+00 2.007926253112616785e-02 3.206890358526732854e+01
1.510264307012789464e+00 1.876741654263401962e-02 3.306637359037343771e+01
0.000000000000000000e+00 1.441273274810397076e-01 3.031431017681649909e+00
3.217505543966421855e-01 1.572098735335878683e-01 3.201761922478479239e+00
5.880026035475675039e-01 1.703378692276613926e-01 3.658498718364881164e+00
7.853981633974482790e-01 1.301885309794693080e-01 4.278850735136180639e+00
9.272952180016121870e-01 7.207125069668279815e-02 5.013013827007685386e+00
1.030376826524312506e+00 6.665577686091928022e-02 5.843929356290743726e+00
1.107148717794090409e+00 8.732275669992145550e-02 6.733861357309916862e+00
1.165904540509813181e+00 8.292525304512921025e-02 7.642033647180785927e+00
1.212025656524324368e+00 5.431963426612874957e-02 8.556624326489792765e+00
1.249045772398254428e+00 4.002388947109165179e-02 9.494436590061946291e+00
1.279339532317029571e+00 3.651152226805605416e-02 1.044726931705409712e+01
1.304544277643971295e+00 5.334907702925147793e-02 1.141799891807140455e+01
1.325817663668032553e+00 5.953507181406154231e-02 1.239127035415702061e+01
1.343997478741010720e+00 4.540018771083723093e-02 1.335542564850853076e+01
1.359702993572150076e+00 2.959140930037006470e-02 1.432409206203704066e+01
1.373400766945015894e+00 3.283433374596865517e-02 1.530530807595686404e+01
1.385448376799201853e+00 5.075838466321746373e-02 1.629981361914707350e+01
1.396124127786656954e+00 4.570843120292516354e-02 1.728072532891366819e+01
1.405647649380269870e+00 2.818177218430697323e-02 1.825553649677476997e+01
1.414194449812881338e+00 1.932286631885470063e-02 1.923897560850608812e+01
1.421906379185399416e+00 3.083972120915641144e-02 2.023336951513990911e+01
1.428899272190732761e+00 3.567661241154712615e-02 2.122671090101918168e+01
1.435268612809395883e+00 3.351934955679120032e-02 2.221608254686004358e+01
1.441093789638984601e+00 3.222520519105213227e-02 2.320687571750074341e+01
1.446441332248135092e+00 3.050408640268786539e-02 2.419803049701492625e+01
1.451367400776558236e+00 2.165711148350332044e-02 2.518526272108187314e+01
1.455919721377997522e+00 1.300702273011273592e-02 2.617471877940473490e+01
1.460139105621000910e+00 1.836781354027703164e-02 2.717073867091945161e+01
1.464060654145761031e+00 2.579565011213690029e-02 2.816962741523237668e+01
1.467714718272196350e+00 2.456700481846974329e-02 2.916355968585196479e+01
1.471127674303734700e+00 1.464390856345584857e-02 3.015285985640155175e+01
1.474322551612309740e+00 1.687820237115002231e-02 3.114925970213830908e+01
1.477319545636307074e+00 2.009550706251781935e-02 3.214680805471441971e+01
1.480136439594151421e+00 1.829994012510431298e-02 3.314163226099600479e+01
0.000000000000000000e+00 1.220811141499517638e-01 4.029993828242376175e+00
2.449786631268641435e-01 1.020442239362423509e-01 4.144666160026003077e+00
4.636476090008060935e-01 1.056549487080830213e-01 4.497213740385573644e+00
6.435011087932843710e-01 8.710825967979352047e-02 5.019029782324932576e+00
7.853981633974482790e-01 5.379458789825053433e-02 5.665049196037641011e+00
8.960553845713439269e-01 5.416385735267203322e-02 6.412528230236056004e+00
9.827937232473290541e-01 7.841213338168329106e-02 7.233328083507964301e+00
1.051650212548373764e+00 8.277192989592797867e-02 8.089954848200132886e+00
1.107148717794090409e+00 5.718671659906823107e-02 8.958917183627955083e+00
1.152571997215667610e+00 4.253062770774858337e-02 9.857772094640623095e+00
1.190289949682531656e+00 3.949129309620111328e-02 1.077873357486304506e+01
1.222025323210989667e+00 6.138005056196502163e-02 1.172678336646840158e+01
1.249045772398254428e+00 6.536783065297603612e-02 1.267618336824963698e+01
1.272297395208717319e+00 4.457186059629889702e-02 1.361499238737542861e+01
1.292496667789785336e+00 2.185740862982419458e-02 1.456369851668933002e+01
1.310193935047555547e+00 2.504369592443836737e-02 1.552904424679305073e+01
1.325817663668032553e+00 4.595240160318933564e-02 1.650985072734681225e+01
1.339705659598999565e+00 4.129312167806361428e-02 1.747914911917048997e+01
1.352127380920954636e+00 2.325701901555890516e-02 1.844407678826749475e+01
1.363300100359693845e+00 1.568954072618367751e-02 1.941887788180006780e+01
1.373400766945015894e+00 2.729492727889220455e-02 2.040367808578360709e+01
1.382574821490125894e+00 3.157221836105256196e-02 2.138821738168789821e+01
1.390942827002418447e+00 3.018520980875325291e-02 2.237087057577553395e+01
1.398605512271957618e+00 3.069442329044386186e-02 2.335623670747841985e+01
1.405647649380269870e+00 2.977070631777699664e-02 2.434183634788051620e+01
1.412141064608495311e+00 2.343399321242544894e-02 2.532493110289615501e+01
1.418146998399631542e+00 1.569031374979210428e-02 2.630913127867399837e+01
1.423717971406494032e+00 2.149800039154780434e-02 2.730099665413549914e+01
1.428899272190732761e+00 2.875376426825470427e-02 2.829596769693031888e+01
1.433730152484709031e+00 2.575690154525419814e-02 2.928427565705205637e+01
1.438244794498222623e+00 1.510442374366201268e-02 3.026894466845254428e+01
1.442473099109101931e+00 1.632883694617363532e-02 3.126116672033471033e+01
1.446441332248135092e+00 2.010488178874300300e-02 3.225554972136174570e+01
1.450172658214793797e+00 1.855541213947165674e-02 3.324726368459901948e+01
0.000000000000000000e+00 1.194312704901353273e-01 5.035872741594902280e+00
1.973955598498807473e-01 9.080032928078445031e-02 5.120111908719852778e+00
3.805063771123649019e-01 7.565263485432670298e-02 5.400612156430947941e+00
5.404195002705841633e-01 6.122452986900376454e-02 5.841897485163529247e+00
6.747409422235526311e-01 4.117812578625334313e-02 6.408556766061734855e+00
7.853981633974482790e-01 4.463034250921481955e-02 7.078115976321362801e+00
8.760580505981934163e-01 6.650559159601510117e-02 7.827553907315887294e+00
9.505468408120751889e-01 7.508889775385603482e-02 8.626633800447429223e+00
1.012197011451334117e+00 5.620269611058561349e-02 9.448900528662573350e+00
1.063697822402559723e+00 4.823575133637979934e-02 1.030761912151457160e+01
1.107148717794090409e+00 4.812859408230573538e-02 1.119330125169646450e+01
1.144168833668020469e+00 7.050557347095401384e-02 1.211314093272990000e+01
1.176005207095135008e+00 7.028432744775536811e-02 1.303217548653624114e+01
1.203622492976677449e+00 4.786985580649243815e-02 1.394436214040598188e+01
1.227772386374193170e+00 2.121861707530923319e-02 1.486941594815105283e+01
1.249045772398254428e+00 2.326490459542808822e-02 1.581566826876887610e+01
1.267911458419925141e+00 4.147811196636709552e-02 1.677748482096105320e+01
1.284744885077578447e+00 3.481336171763747128e-02 1.773078865486501243e+01
1.299849476456476083e+00 1.625608730957451772e-02 1.868401035969293389e+01
1.313472611823808034e+00 1.237923093641939316e-02 1.964838819730991659e+01
1.325817663668032553e+00 2.422604637041566103e-02 2.062157924819764432e+01
1.337053145925995112e+00 2.709916939809657241e-02 2.159496195160841836e+01
1.347319725654263500e+00 2.437034287723010076e-02 2.256772965459692060e+01
1.356735643231075095e+00 2.486736753810056197e-02 2.354448400601387448e+01
1.365400937605129261e+00 2.693669807471478495e-02 2.452419801003075861e+01
1.373400766945015894e+00 2.648660172590710377e-02 2.550404309907795763e+01
1.380808038876180976e+00 2.155347789083257581e-02 2.648255561912615619e+01
1.387685509532412542e+00 2.487526956859478777e-02 2.746755817187825954e+01
1.394087470724860056e+00 3.039686730088435318e-02 2.845607056569713578e+01
1.400061115319613858e+00 2.671249573869349803e-02 2.943838030207387746e+01
1.405647649380269870e+00 1.657591814179513665e-02 3.041799139562369092e+01
1.410883203636677408e+00 1.479188759314181006e-02 3.140407247813761771e+01
1.415799584870955696e+00 1.866484359428314393e-02 3.239391195458577499e+01
1.420424898787762125e+00 1.783838144205606921e-02 3.338194959496596681e+01
0.000000000000000000e+00 1.126090038616514993e-01 6.038244408124306517e+00
1.651486774146268266e-01 8.323971715421690787e-02 6.103896817336850411e+00
3.217505543966421855e-01 6.327355644695312198e-02 6.337236788408450394e+00
4.636476090008060935e-01 5.491334874340596944e-02 6.718330869633837743e+00
5.880026035475675039e-01 4.567176286896694470e-02 7.218629948257221152e+00
6.947382761967031417e-01 4.204441095140221130e-02 7.817157980226548730e+00
7.853981633974482790e-01 5.950538477540132098e-02 8.500326297748944882e+00
8.621700546672264043e-01 7.506163896710354999e-02 9.245578178256735669e+00
9.272952180016121870e-01 6.316804555384368525e-02 1.001998423404041461e+01
9.827937232473290541e-01 5.587088654493402307e-02 1.083355820748785092e+01
1.030376826524312506e+00 5.603676519811068291e-02 1.168023765980732520e+01
1.071449605114766612e+00 7.409348416236595514e-02 1.256443671226490899e+01
1.107148717794090409e+00 7.214671253622396974e-02 1.345140094961307575e+01
1.138388551224358780e+00 5.153101240635984265e-02 1.433685221435074908e+01
1.165904540509813181e+00 2.396512757479072123e-02 1.523592120537863082e+01
1.190289949682531656e+00 2.237917691938915571e-02 1.615954082421765037e+01
1.212025656524324368e+00 3.676859794606889692e-02 1.709956489411078806e+01
1.231503712340851875e+00 2.971203096943590000e-02 1.803571680020915480e+01
1.249045772398254428e+00 1.105031990436966538e-02 1.897482445304891385e+01
1.264917455390044410e+00 1.171575178907643781e-02 1.992622635488662652e+01
1.279339532317029571e+00 2.337457503879392801e-02 2.088631859489777653e+01
1.292496667789785336e+00 2.420935577269220373e-02 2.184673146233668817e+01
1.304544277643971295e+00 1.902751253160264028e-02 2.280763708696603587e+01
1.315613936174078180e+00 1.935339541194527890e-02 2.377418086528781416e+01
1.325817663668032553e+00 2.449854999246375148e-02 2.474605941430045419e+01
1.335251346074033174e+00 2.885284690023769139e-02 2.572062556196861394e+01
1.343997478741010720e+00 2.661645224625061243e-02 2.669278262788071387e+01
1.352127380920954636e+00 2.633443812154841537e-02 2.766822681148336116e+01
1.359702993572150076e+00 2.985241629014689230e-02 2.864840643232962591e+01
1.366778347202348032e+00 2.733542849038278835e-02 2.962525347537783560e+01
1.373400766945015894e+00 1.897728884954300380e-02 3.059962695264910693e+01
1.379611867197882091e+00 1.432433568821954439e-02 3.157854649948082937e+01
1.385448376799201853e+00 1.856834776213039592e-02 3.256325466799709289e+01
1.390942827002418447e+00 1.828991852886805922e-02 3.354663053428710384e+01
0.000000000000000000e+00 1.086935930006611983e-01 7.041554573412267537e+00
1.418970546041639358e-01 8.419717717990950201e-02 7.096206042340189590e+00
2.782996590051113328e-01 5.970190841633197382e-02 7.293103498705235666e+00
4.048917862850834326e-01 4.904527167333187082e-02 7.624941932826170721e+00
5.191461142465229051e-01 4.943093943044669925e-02 8.072117518129857672e+00
6.202494859828214802e-01 4.686984750388236559e-02 8.611782642689830070e+00
7.086262721276702647e-01 5.745909772432003515e-02 9.234784805782275896e+00
7.853981633974482790e-01 7.016986975832628648e-02 9.923916656606158071e+00
8.519663271732721421e-01 6.226807184516723603e-02 1.065078735888951478e+01
9.097531579442097449e-01 5.670614069913575139e-02 1.142011050733333200e+01
9.600703624056879937e-01 6.008218248402336786e-02 1.222862083432750779e+01
1.004067109271390201e+00 7.479796090137798281e-02 1.307496323800838844e+01
1.042721878368537025e+00 7.185763962923215342e-02 1.392838827718411920e+01
1.076854957875315488e+00 5.389212868563222902e-02 1.478629023006631371e+01
1.107148717794090409e+00 2.898923162191186301e-02 1.565905512525537979e+01
1.134169166981355392e+00 2.428924577233115140e-02 1.655782940740140319e+01
1.158385885197509291e+00 3.360426243098436905e-02 1.747411455909898237e+01
1.180189283097209829e+00 2.531326550549869991e-02 1.839066801143028940e+01
1.199905037982234246e+00 8.494165513874949239e-03 1.931390466893654789e+01
1.217805938967986057e+00 1.224703007252727661e-02 2.024997535666097548e+01
1.234121507408169505e+00 2.235895338100032242e-02 2.119491779099319473e+01
1.249045772398254428e+00 2.049690914382365156e-02 2.214059434796059023e+01
1.262743545771120246e+00 1.487981391552495661e-02 2.308934880729265871e+01
1.275355489651176510e+00 1.390568232141847251e-02 2.404395518865656101e+01
1.287002217586568742e+00 2.164049051477985250e-02 2.500585502785488501e+01
1.297787623708186011e+00 3.145478996972552593e-02 2.597435847672467091e+01
1.307801595113977200e+00 3.306585581822066994e-02 2.694055043030499519e+01
1.317122230656254001e+00 2.707503730250819876e-02 2.790287794621387008e+01
1.325817663668032553e+00 2.723820944665333171e-02 2.887244924169214855e+01
1.333947565847976469e+00 2.698445380987927328e-02 2.984373263838017465e+01
1.341564393517901355e+00 2.079045379801712848e-02 3.081250260544078401e+01
1.348714424889416508e+00 1.331578082456736679e-02 3.178331487258850174e+01
1.355438627097158566e+00 1.674090468942721413e-02 3.276126940321741898e+01
1.361773383988631902e+00 1.716610197778125485e-02 3.373922651904742764e+01
0.000000000000000000e+00 1.018597821952375027e-01 8.041681836529123828e+00
1.243549945467614382e-01 8.499774787193609127e-02 8.091469038209014641e+00
2.449786631268641435e-01 5.668419065811559215e-02 8.259476950915352944e+00
3.587706702705722450e-01 4.473429876235333197e-02 8.552559827896695666e+00
4.636476090008060935e-01 5.518380889236836062e-02 8.957907996069891965e+00
5.585993153435624414e-01 5.935340929461256632e-02 9.450622701078314591e+00
6.435011087932843710e-01 6.169946760655973389e-02 1.001906435980842680e+01
7.188299996216245269e-01 6.628182802022891673e-02 1.065353924066494251e+01
7.853981633974482790e-01 6.225312365182768953e-02 1.133566681902373752e+01
8.441539861131710509e-01 6.284341795530272445e-02 1.206541167493710631e+01
8.960553845713439269e-01 6.729854120022228658e-02 1.283530365236590498e+01
9.420000403794636101e-01 7.252173893473640165e-02 1.363731686374395125e+01
9.827937232473290541e-01 6.748096890000723769e-02 1.445510458326380565e+01
1.019141344266349725e+00 5.475900035157212770e-02 1.528725157560649528e+01
1.051650212548373764e+00 3.821618341834766286e-02 1.613629740555013825e+01
1.080839000541168327e+00 3.079083244749381693e-02 1.700806182522780219e+01
1.107148717794090409e+00 3.355983866802057097e-02 1.789862214993468825e+01
1.130953743979160375e+00 2.170863459903121101e-02 1.879272222854813990e+01
1.152571997215667610e+00 6.442610042870147193e-03 1.969812440941091580e+01
1.172273881128476303e+00 1.182562074781870649e-02 2.061696970450767097e+01
1.190289949682531656e+00 2.156436393251701111e-02 2.154566863712755520e+01
1.206817370285252489e+00 2.134866957840316978e-02 2.247732705697255184e+01
1.222025323210989667e+00 1.576864629604771140e-02 2.341231049904116190e+01
1.236059489478081863e+00 1.145936784901799461e-02 2.435319030157706166e+01
1.249045772398254428e+00 1.862757261118851843e-02 2.530261098613909709e+01
1.261093382252440387e+00 3.104634207885011848e-02 2.626146486965397031e+01
1.272297395208717319e+00 3.365611515077440719e-02 2.721835514171093351e+01
1.282740879744270757e+00 2.348225543212667174e-02 2.816802147717353932e+01
1.292496667789785336e+00 2.204042907095731668e-02 2.912751406009761013e+01
1.301628834009196156e+00 2.569066572204974780e-02 3.009314826077160987e+01
1.310193935047555547e+00 2.174211043005327623e-02 3.105568941627063850e+01
1.318242051016837113e+00 1.349189535764144972e-02 3.201853532980842942e+01
1.325817663668032553e+00 1.514697852679704887e-02 3.298862923900156119e+01
1.332960399337445923e+00 1.537319258743407441e-02 3.395986656705361639e+01
0.000000000000000000e+00 9.502932762823010360e-02 9.040791051197846429e+00
1.106572211738956479e-01 8.009484913171743825e-02 9.084508965757740029e+00
2.186689458739419500e-01 5.508283129399883099e-02 9.233548755506225447e+00
3.217505543966421855e-01 4.141295795377097216e-02 9.494973914116808800e+00
4.182243295792291149e-01 5.480853070939752797e-02 9.863669201517687668e+00
5.070985043923369462e-01 6.308285287017226239e-02 1.031614961680021558e+01
5.880026035475675039e-01 6.392558006743463694e-02 1.083879253904740558e+01
6.610431688506869241e-01 6.671848767916761791e-02 1.142717804021337180e+01
7.266423406817256181e-01 6.376110185530442509e-02 1.206611353054608493e+01
7.853981633974482790e-01 6.306819943525542038e-02 1.275327735911047533e+01
8.379812250083900071e-01 6.341186356725504736e-02 1.348071838491035557e+01
8.850668158886103587e-01 6.573463439782180340e-02 1.424343256040435790e+01
9.272952180016121870e-01 6.155300710456546032e-02 1.502846072309549541e+01
9.652516631899266120e-01 5.240980769073807360e-02 1.583312844701339017e+01
9.994588469612698534e-01 4.106134279914361307e-02 1.665735743863612583e+01
1.030376826524312506e+00 3.610014227117810254e-02 1.750426039938330902e+01
1.058406866484158826e+00 3.506585153376495095e-02 1.836885189174223498e+01
1.083897094983627518e+00 2.197904658182342139e-02 1.924003109716521109e+01
1.107148717794090409e+00 7.500902413208563116e-03 2.012517795169089752e+01
1.128422103818151667e+00 1.256695824187559034e-02 2.102545627852800791e+01
1.147942400661955853e+00 1.965685850123190595e-02 2.193595000174552467e+01
1.165904540509813181e+00 1.994679530772291293e-02 2.285186525572840210e+01
1.182477608622430676e+00 1.547824769444426998e-02 2.377257626232538712e+01
1.197808604994835546e+00 1.017258542627401743e-02 2.469945602774498639e+01
1.212025656524324368e+00 1.598395028529581152e-02 2.563528590310515298e+01
1.225240746213184462e+00 2.711311275617655364e-02 2.658042982720875003e+01
1.237552025683223977e+00 2.863461171560363269e-02 2.752491661703507475e+01
1.249045772398254428e+00 1.840170388652931713e-02 2.846531830707267474e+01
1.259798046189355647e+00 1.778278088473609839e-02 2.941553321440673230e+01
1.269876092434471415e+00 2.383982957219370896e-02 3.037308357340346632e+01
1.279339532317029571e+00 2.069069603118227352e-02 3.132762504243284951e+01
1.288241374325309163e+00 1.308700667395786173e-02 3.228278927620381467e+01
1.296628875675237769e+00 1.419354837200056951e-02 3.324488892569686982e+01
1.304544277643971295e+00 1.399420011033197277e-02 3.420861236520926951e+01
0.000000000000000000e+00 8.416694615954414815e-02 1.003552522643296108e+01
9.966865249116202419e-02 7.509693353800650506e-02 1.007828074922344008e+01
1.973955598498807473e-01 5.597640541231855421e-02 1.021403696628931179e+01
2.914567944778670983e-01 3.834408301224483118e-02 1.044798624148732458e+01
3.805063771123649019e-01 4.859171441818211507e-02 1.078305734294589158e+01
4.636476090008060935e-01 5.991634317522144537e-02 1.120043848251742169e+01
5.404195002705841633e-01 5.954079080693605586e-02 1.168260570918549668e+01
6.107259643892085643e-01 5.977869819940526824e-02 1.222839815618708137e+01
6.747409422235526311e-01 5.948394187547697415e-02 1.282893835194543009e+01
7.328151017865065509e-01 6.080330499587092985e-02 1.347853172017842383e+01
7.853981633974482790e-01 5.791599311688383489e-02 1.416588703369835400e+01
8.329812666744317307e-01 6.004192354705780582e-02 1.489290538820972820e+01
8.760580505981934163e-01 5.612452437871995325e-02 1.564513367449423420e+01
9.151007005533604577e-01 4.665834850592278510e-02 1.641908841470971225e+01
9.505468408120751889e-01 3.975259287850554241e-02 1.721825347559159525e+01
9.827937232473290541e-01 3.946966314788571961e-02 1.804180780702171560e+01
1.012197011451334117e+00 3.802511028938782706e-02 1.888161116528259598e+01
1.039072259536091059e+00 2.249863736505462036e-02 1.972807577705084370e+01
1.063697822402559723e+00 7.949985189315856085e-03 2.059191100624981630e+01
1.086318397757873422e+00 1.146503047309587776e-02 2.147232177344684700e+01
1.107148717794090409e+00 1.847568996807481476e-02 2.236449673942179572e+01
1.126377116893797714e+00 2.093432996507626001e-02 2.326450430302133654e+01
1.144168833668020469e+00 1.625581113496068000e-02 2.416928526054946857e+01
1.160668986253405643e+00 8.836221605148927502e-03 2.508085154314748877e+01
1.176005207095135008e+00 1.079237233151346571e-02 2.600151425239571168e+01
1.190289949682531656e+00 2.079634933655785320e-02 2.693164763495503067e+01
1.203622492976677449e+00 2.329111656262674440e-02 2.786433408050094584e+01
1.216090674783956382e+00 1.568453806841492437e-02 2.879590198927549238e+01
1.227772386374193170e+00 1.587056170129450341e-02 2.973588227467524447e+01
1.238736859252011158e+00 2.327409547634111744e-02 3.068403344284877576e+01
1.249045772398254428e+00 1.991717542072684102e-02 3.162904991951253564e+01
1.258754205232363255e+00 1.261716572385768002e-02 3.257558781608013732e+01
1.267911458419925141e+00 1.204436986015145102e-02 3.352854113892681198e+01
1.276561761683708829e+00 1.199302949329153142e-02 3.448435925963111970e+01
0.000000000000000000e+00 6.945945902277085582e-02 1.102658883827764491e+01
9.065988720074510954e-02 6.652807816953439091e-02 1.106984947795214680e+01
1.798534997924782775e-01 5.790677977589923919e-02 1.119911104372480004e+01
2.662520491509253739e-01 4.014201308565258641e-02 1.141094670909613562e+01
3.487710035839070022e-01 4.095478540058211658e-02 1.171452288969942046e+01
4.266274931268760895e-01 5.113274816238776166e-02 1.209885911182573182e+01
4.993467216801301123e-01 5.483738558386385548e-02 1.254882739161638128e+01
5.667292175235063567e-01 5.780835118488706487e-02 1.306022109303156498e+01
6.287962864154329479e-01 5.924627789790700566e-02 1.362537687843984990e+01
6.857295109062863103e-01 6.161782827013818215e-02 1.423969417927616377e+01
7.378150601204649384e-01 5.349069647601888827e-02 1.488736193597044810e+01
7.853981633974482790e-01 5.307707398895355339e-02 1.557828742209107986e+01
8.288490587889791872e-01 4.720377571027941505e-02 1.629697365435951184e+01
8.685393952858895261e-01 3.704787789705147466e-02 1.704107985500949951e+01
9.048270894157867117e-01 3.428080543179976014e-02 1.781496062557159377e+01
9.380474917927135170e-01 4.180518606954444077e-02 1.861734138639497615e+01
9.685089806599324058e-01 4.267184900635606626e-02 1.943417887315042947e+01
9.964914966201948721e-01 2.565550686970406030e-02 2.025512237743487987e+01
1.022246924344368590e+00 1.085864440335339125e-02 2.109626682958879584e+01
1.046000555144789290e+00 1.319213740204836990e-02 2.195640893664290516e+01
1.067953115867035896e+00 1.876247394919546008e-02 2.282944263238521998e+01
1.088283031772419696e+00 2.018637826776460351e-02 2.371137008973944305e+01
1.107148717794090409e+00 1.386968132712654983e-02 2.459911375646564125e+01
1.124690777851492962e+00 7.863857350092861090e-03 2.549588589991125076e+01
1.141034047698208154e+00 8.056669617928032337e-03 2.640161442366371958e+01
1.156289452210110591e+00 1.581581488766846746e-02 2.731641696055664070e+01
1.170555669760922513e+00 1.653778977374326803e-02 2.823504946069086330e+01
1.183920609063868534e+00 1.193417350411262248e-02 2.915683577342120714e+01
1.196462710787312700e+00 1.324406557426334972e-02 3.008585648334802443e+01
1.208252089530388984e+00 2.175442189764853138e-02 3.102346555214342416e+01
1.219351532791344894e+00 1.908258933964691179e-02 3.195890928272820375e+01
1.229817373298547123e+00 1.258799273314956980e-02 3.289637471203317887e+01
1.239700250090764566e+00 1.148302046700587498e-02 3.384007967923794524e+01
1.249045772398254428e+00 1.172642538290772501e-02 3.478744602881151593e+01
0.000000000000000000e+00 6.070283234058209548e-02 1.202214299906900585e+01
8.314123188844123324e-02 5.878632870727423104e-02 1.206243144799689304e+01
1.651486774146268266e-01 5.448559651405756460e-02 1.218360520101607491e+01
2.449786631268641435e-01 3.642414513011201643e-02 1.237752671501486823e+01
3.217505543966421855e-01 3.205767036843586160e-02 1.265561313405767585e+01
3.947911196997614947e-01 4.365615653058108059e-02 1.301239793513561871e+01
4.636476090008060935e-01 5.090716027280719341e-02 1.343381122869126365e+01
5.280744484263596439e-01 5.665375392504772706e-02 1.391476877098932974e+01
5.880026035475675039e-01 5.951874926370685076e-02 1.444778805931380639e+01
6.435011087932843710e-01 6.102173370660184809e-02 1.502797078554762500e+01
6.947382761967031417e-01 4.652286131606828135e-02 1.563741893179366471e+01
7.419472680059174818e-01 4.382778199627343496e-02 1.629446790488821861e+01
7.853981633974482790e-01 3.745019761516341084e-02 1.698247046096961199e+01
8.253768505207383921e-01 2.528503215581122052e-02 1.769746299629073150e+01
8.621700546672264043e-01 2.295166594627113740e-02 1.844394664293936614e+01
8.960553845713439269e-01 3.583158231567217661e-02 1.922171079140316152e+01
9.272952180016121870e-01 4.198447679561970874e-02 2.001763991844747892e+01
9.561333748727310899e-01 2.869330176954208028e-02 2.081722092569307492e+01
9.827937232473290541e-01 1.334363408774357114e-02 2.163523372869631345e+01
1.007480065302928551e+00 1.483737183597714365e-02 2.247467888220183596e+01
1.030376826524312506e+00 1.919054085659356590e-02 2.332810304780304733e+01
1.051650212548373764e+00 2.058903290823254489e-02 2.419190063721044481e+01
1.071449605114766612e+00 1.272454566333677470e-02 2.506195708654831833e+01
1.089909046599560893e+00 9.745640032456169555e-03 2.594347555561466834e+01
1.107148717794090409e+00 7.606087098342304877e-03 2.683359192226146916e+01
1.123276351637726655e+00 1.152927184448579619e-02 2.773269239902467120e+01
1.138388551224358780e+00 1.113982455198242807e-02 2.863741899832764304e+01
1.152571997215667610e+00 1.076823670159692166e-02 2.954828652345904416e+01
1.165904540509813181e+00 1.306000085632672697e-02 3.046569055579597318e+01
1.178456182579380895e+00 2.173006378414895148e-02 3.139212097314096894e+01
1.190289949682531656e+00 1.873601696005677483e-02 3.231666087023540257e+01
1.201462669121271087e+00 1.305423152816042459e-02 3.324437287296851906e+01
1.212025656524324368e+00 1.197101110655435403e-02 3.417846392623793150e+01
1.222025323210989667e+00 1.333603963330546455e-02 3.511722248406260860e+01
0.000000000000000000e+00 5.536201765576560102e-02 1.301994766815597870e+01
7.677189126977804201e-02 5.529003339934131928e-02 1.305835934879474891e+01
1.526493283952651547e-01 5.190729144103453652e-02 1.317068578434868087e+01
2.267988480538858653e-01 3.318301905412972957e-02 1.334901277388232899e+01
2.984989315861792947e-01 2.322208600097036557e-02 1.360513873334772583e+01
3.671738338182192196e-01 3.711873025332219217e-02 1.393798905638467289e+01
4.324077755705378334e-01 4.590146192615252724e-02 1.433291774134418972e+01
4.939413689195812363e-01 5.058341761079014620e-02 1.478373246387622331e+01
5.516549825285468334e-01 5.376519308857929946e-02 1.528642640642472728e+01
6.055446636049700571e-01 5.658139505249806106e-02 1.583673182474566232e+01
6.556956262415362113e-01 3.857748330571597606e-02 1.641343136886207432e+01
7.022569315090070319e-01 3.183511170173854848e-02 1.703801943449894551e+01
7.454194762741582769e-01 2.616931100579937899e-02 1.769786570692306782e+01
7.853981633974482790e-01 1.524678606771532642e-02 1.838691342163283693e+01
8.224182792713783385e-01 1.651333903408120155e-02 1.910757834160785507e+01
8.567056281827386544e-01 3.386066816264651086e-02 1.986081781264763535e+01
8.884797719201484867e-01 4.255267915057493744e-02 2.063420680315994460e+01
9.179496956941223251e-01 3.130946998616856297e-02 2.141142833039616278e+01
9.453112865556675404e-01 1.566091724320038681e-02 2.220632646539503696e+01
9.707461133931430952e-01 1.566960955419709894e-02 2.302455549487354602e+01
9.944211062037129345e-01 1.932949297639474998e-02 2.385817780210144790e+01
1.016488830593345494e+00 2.151581561255401162e-02 2.470389594111535914e+01
1.037088135155635138e+00 1.397044470625439204e-02 2.555635859754357142e+01
1.056345013735868754e+00 1.278885230336753408e-02 2.642185030726788142e+01
1.074373573390014824e+00 8.676023027307994129e-03 2.729571544178817888e+01
1.091277034802300427e+00 9.848453289149995682e-03 2.817937218345203831e+01
1.107148717794090409e+00 8.861412509306646271e-03 2.907002505653352742e+01
1.122072982784175554e+00 1.084620056544696211e-02 2.996841085318861531e+01
1.136126111645651804e+00 1.112858786438548561e-02 3.087260977753746616e+01
1.149377119907092348e+00 1.940072310350630241e-02 3.178647900204776988e+01
1.161888497843971191e+00 1.765800342302807288e-02 3.270066343264553410e+01
1.173716881569914383e+00 1.308058709162190740e-02 3.361834866622498197e+01
1.184913657396822861e+00 1.179030005104504501e-02 3.454223292872715234e+01
1.195525503938939194e+00 1.448576739948724372e-02 3.547201731581468209e+01
0.000000000000000000e+00 4.669048067390349499e-02 1.401527388037739463e+01
7.130746478529031984e-02 4.695629645196530699e-02 1.405115665548789394e+01
1.418970546041639358e-01 4.592990387281976894e-02 1.415706556061758015e+01
2.110933332227465375e-01 2.843277872653323171e-02 1.432361044062769651e+01
2.782996590051113328e-01 1.884588048586259210e-02 1.456280581758536385e+01
3.430239404207033882e-01 3.590056869961968933e-02 1.487565396726217060e+01
4.048917862850834326e-01 4.786807547836725851e-02 1.524901330960069146e+01
4.636476090008060935e-01 5.209586012524691778e-02 1.567374013058936200e+01
5.191461142465229051e-01 5.482115146805276173e-02 1.614877585134373916e+01
5.713374798336268157e-01 5.518109389913435775e-02 1.666868822539948880e+01
6.202494859828214802e-01 3.305252768333388769e-02 1.721405259254004605e+01
6.659692373791098463e-01 1.944537090164538337e-02 1.780786048459181359e+01
7.086262721276702647e-01 1.612483272859937394e-02 1.844148635019718796e+01
7.483780475235183305e-01 8.346647344497179488e-03 1.910563868237692731e+01
7.853981633974482790e-01 1.299402783588694821e-02 1.980066146866393595e+01
8.198672643969563412e-01 2.943568695605667043e-02 2.052717687199809049e+01
8.519663271732721421e-01 3.989988365250557445e-02 2.127722605820878954e+01
8.818719385800352084e-01 3.426204043431752000e-02 2.203564796528143788e+01
9.097531579442097449e-01 2.091932904503405327e-02 2.280849902858433964e+01
9.357695914045828234e-01 2.020079901696055641e-02 2.360566368713898200e+01
9.600703624056879937e-01 2.168544695438660852e-02 2.441885259430299371e+01
9.827937232473290541e-01 2.355188073361513812e-02 2.524586043147067471e+01
1.004067109271390201e+00 1.467781532415334336e-02 2.607961884426324417e+01
1.024007485905649384e+00 1.398577659832253399e-02 2.692845762211529248e+01
1.042721878368537025e+00 9.879579851660928724e-03 2.778624402129884885e+01
1.060308004878120824e+00 1.005330888487061120e-02 2.865454559500706821e+01
1.076854957875315488e+00 9.176717103227363323e-03 2.953088954139566980e+01
1.092443895416238986e+00 1.054351228352048975e-02 3.041550321544182367e+01
1.107148717794090409e+00 8.621226102403695829e-03 3.130611509973843454e+01
1.121036713725057643e+00 1.695806336525780555e-02 3.220711526051975682e+01
1.134169166981355392e+00 1.812942155958799720e-02 3.311133201431275097e+01
1.146601918891130056e+00 1.489074473884253319e-02 3.401847416461930607e+01
1.158385885197509291e+00 1.334208059301656042e-02 3.493160745421291580e+01
1.169567527790047912e+00 1.718026981917032681e-02 3.585218762353211730e+01
0.000000000000000000e+00 3.668282171043005940e-02 1.501009788215827001e+01
6.656816377582380762e-02 3.812035497364521519e-02 1.504422589940806532e+01
1.325515322966740184e-01 4.013772882125819091e-02 1.514494384721638554e+01
1.973955598498807473e-01 2.586961751861311179e-02 1.530217864813351447e+01
2.606023917473410112e-01 1.708260409749937092e-02 1.552644006804037957e+01
3.217505543966421855e-01 3.578742292078230386e-02 1.582151884272509967e+01
3.805063771123649019e-01 4.732600779381966605e-02 1.617360346342239197e+01
4.366271598135413323e-01 5.060471087106881150e-02 1.657416269138552067e+01
4.899573262537282869e-01 5.120456119176441945e-02 1.702231058304728606e+01
5.404195002705841633e-01 4.825792593633008998e-02 1.751324438909599124e+01
5.880026035475675039e-01 2.439232518030273050e-02 1.803312083428869173e+01
6.327488350021831520e-01 9.393968207041965973e-03 1.860189600910027963e+01
6.747409422235526311e-01 1.048128642276249280e-02 1.921042790613429929e+01
7.140906986121580147e-01 6.568005297381425064e-03 1.984986138828414326e+01
7.509290623979403279e-01 1.220633758223245609e-02 2.051981318117323383e+01
7.853981633974482790e-01 2.637413028048746569e-02 2.122058347099523701e+01
8.176450458327022552e-01 3.668247865119462353e-02 2.194647617951045859e+01
8.478169733934056707e-01 3.454090513062453571e-02 2.268509925462020149e+01
8.760580505981934163e-01 2.343487276914927794e-02 2.343718450508692186e+01
9.025069079643125436e-01 2.175235920729673075e-02 2.421316506066014185e+01
9.272952180016121870e-01 2.103136405856655469e-02 2.500552999759712236e+01
9.505468408120751889e-01 2.354784248107837791e-02 2.581413245007253110e+01
9.723774333163593964e-01 1.728072559347977946e-02 2.663103013784609274e+01
9.928943898326509920e-01 1.703868751965464251e-02 2.746304683197869423e+01
1.012197011451334117e+00 1.228965148348904260e-02 2.830408083024265764e+01
1.030376826524312506e+00 1.267119447738857159e-02 2.915710016280134909e+01
1.047518004662921109e+00 1.204105013868740984e-02 3.001883818228575151e+01
1.063697822402559723e+00 9.992178030407486422e-03 3.088843241661304972e+01
1.078987150806198114e+00 5.400038124580460765e-03 3.176522349090984321e+01
1.093450944421224813e+00 1.442111643572140632e-02 3.265305078040069020e+01
1.107148717794090409e+00 1.886198910102301896e-02 3.354698706907652195e+01
1.120135000714262974e+00 1.547740275020082976e-02 3.444247598058336735e+01
1.132459766936938728e+00 1.196735035564906735e-02 3.534372498345513236e+01
1.144168833668020469e+00 1.658856180267361327e-02 3.625412601853236083e+01
0.000000000000000000e+00 3.177416022663352713e-02 1.600808017708247277e+01
6.241880999595735002e-02 3.462945354528978309e-02 1.604083665881802645e+01
1.243549945467614382e-01 3.777381913895021259e-02 1.613602606430389130e+01
1.853479499956947607e-01 2.565332209983290854e-02 1.628417855368112299e+01
2.449786631268641435e-01 1.916347451656170639e-02 1.649545129428087620e+01
3.028848683749714166e-01 3.601875490314179057e-02 1.677393427566304140e+01
3.587706702705722450e-01 4.355109930315129163e-02 1.710422570445546953e+01
4.124104415973873228e-01 4.424322596016708881e-02 1.748135595993147007e+01
4.636476090008060935e-01 4.422670767218905147e-02 1.790605310060155730e+01
5.123894603107377321e-01 4.238934685516799333e-02 1.837406506019182828e+01
5.585993153435624414e-01 1.977099110784212230e-02 1.887165053342150856e+01
6.022873461349641522e-01 3.298850803072082231e-03 1.941659348858163980e+01
6.435011087932843710e-01 8.793498848336887136e-03 2.000077328113428976e+01
6.823165548747480713e-01 9.745381354369381938e-03 2.061650712051580214e+01
7.188299996216245269e-01 1.411794662315577278e-02 2.126241056401766372e+01
7.531512809621944138e-01 2.122786317744682419e-02 2.193665458536302637e+01
7.853981633974482790e-01 3.079800097077838375e-02 2.263815248406163505e+01
8.156919233162234217e-01 3.292085785319821128e-02 2.335789135814328077e+01
8.441539861131710509e-01 2.728846908429287399e-02 2.409215884101571348e+01
8.709034570756529758e-01 2.330194909461731287e-02 2.484622990481828708e+01
8.960553845713439269e-01 1.831234574237407958e-02 2.561679202292250324e+01
9.197196053504168578e-01 1.957018912412285955e-02 2.640581401525589911e+01
9.420000403794636101e-01 1.784545899751986339e-02 2.720727312213570670e+01
9.629943306809362058e-01 1.932455086862949062e-02 2.802308373531575114e+01
9.827937232473290541e-01 1.602299987445491777e-02 2.884811330666532569e+01
1.001483135694234639e+00 1.625071809597868414e-02 2.968556384156070038e+01
1.019141344266349725e+00 1.558171196292527580e-02 3.053238144455066561e+01
1.035841253008800145e+00 1.114821757920372337e-02 3.138666004304354828e+01
1.051650212548373764e+00 6.231784005969161558e-03 3.224965720101314304e+01
1.066630365315743623e+00 1.483317324071707285e-02 3.312463434772528359e+01
1.080839000541168327e+00 1.919753454545697000e-02 3.400626623289726069e+01
1.094328907321189925e+00 1.576070709830625430e-02 3.488986031402723142e+01
1.107148717794090409e+00 1.169955971995479370e-02 3.577953635812400535e+01
1.119343235242342249e+00 1.703073638305072426e-02 3.667956089283832455e+01
0.000000000000000000e+00 2.555904113110785830e-02 1.700555426078433641e+01
5.875582271572269560e-02 2.535041559783338116e-02 1.703485974434634542e+01
1.171087445668642785e-01 2.852571129598040212e-02 1.712420941954882281e+01
1.746721990082396869e-01 2.041468667840287687e-02 1.726627431801777135e+01
2.310906671958970759e-01 1.592812307782567535e-02 1.746646481537264961e+01
2.860514417173182222e-01 3.315054019951285680e-02 1.772978640261724692e+01
3.392926144540446831e-01 4.166940920740679066e-02 1.804341886276031914e+01
3.906070436976867843e-01 4.407780151568620880e-02 1.840265023500581520e+01
4.398425828157361828e-01 4.203899882808372762e-02 1.880490852613512232e+01
4.868992318112690398e-01 3.864976544407697917e-02 1.924975995973662179e+01
5.317240672588056105e-01 1.664631917597875557e-02 1.972581587142483883e+01
5.743048301747017970e-01 0.000000000000000000e+00 2.024845673131658685e+01
6.146629519221654681e-01 7.443962951859132461e-03 2.080922859059057473e+01
6.528466311007742329e-01 1.288972958781991682e-02 2.140271251263001062e+01
6.889243882148613496e-01 1.616841696301902012e-02 2.202559442302430526e+01
7.229793534014909984e-01 1.907438721868703196e-02 2.267569304662663043e+01
7.551044034786732473e-01 2.466983722378424462e-02 2.335234082692131707e+01
7.853981633974482790e-01 2.727507241878675270e-02 2.405057597314540629e+01
8.139618212362083050e-01 2.494288219470287490e-02 2.476654062594240102e+01
8.408966686431651461e-01 2.216061303406829941e-02 2.550135907824392945e+01
8.663022625526789477e-01 1.624634238620075236e-02 2.625227398099860210e+01
8.902751021276822385e-01 1.634273486587699276e-02 2.702212069321795695e+01
9.129077216126865180e-01 1.708548980221542488e-02 2.780693606662218897e+01
9.342881110069455319e-01 1.932849036937907966e-02 2.860604259924670245e+01
9.544993893988253930e-01 1.931379924677617196e-02 2.941636865786820820e+01
9.736196687022190543e-01 2.112959869368795027e-02 3.023918295643975895e+01
9.917220574271657929e-01 2.034420854434173392e-02 3.107087882588587036e+01
1.008874764538081337e+00 1.382947113564167094e-02 3.190916360038098887e+01
1.025141272267904968e+00 9.514545630038090396e-03 3.275816143927008284e+01
1.040580554018266657e+00 1.611870613762021731e-02 3.361983996387257889e+01
1.055247319335917533e+00 1.810320248957143774e-02 3.448753037395872667e+01
1.069192272605776095e+00 1.482470700439292126e-02 3.535922447080782405e+01
1.082462375738491023e+00 1.141356214420953183e-02 3.623770217023813700e+01
1.095101107939904450e+00 1.697235947571849521e-02 3.712676964511663158e+01
0.000000000000000000e+00 2.402435681647894367e-02 1.800519577699561324e+01
5.549850524571683236e-02 2.175742750509386883e-02 1.803202425973038814e+01
1.106572211738956479e-01 2.511466491953890171e-02 1.811648342926714861e+01
1.651486774146268266e-01 2.248073256174135462e-02 1.825289975233622286e+01
2.186689458739419500e-01 1.968369224333560083e-02 1.844266158300968783e+01
2.709468503384205307e-01 2.905896811657996542e-02 1.868943203601579484e+01
3.217505543966421855e-01 3.490420590882359342e-02 1.898522967366476166e+01
3.708912888126623675e-01 3.714566927226658349e-02 1.932653976977328725e+01
4.182243295792291149e-01 3.768395764035417650e-02 1.971171005651757824e+01
4.636476090008060935e-01 3.569348295766304469e-02 2.013743823275493128e+01
5.070985043923369462e-01 1.790644748084253834e-02 2.059456192278988240e+01
5.485494024505280786e-01 1.659954869846773980e-03 2.109505217290486101e+01
5.880026035475675039e-01 9.515124700223705212e-03 2.163428700358542756e+01
6.254850402392290176e-01 1.807426221472194228e-02 2.220723052985533741e+01
6.610431688506869241e-01 1.995038265461861193e-02 2.280804735548558781e+01
6.947382761967031417e-01 1.808287737621014704e-02 2.343458036535621503e+01
7.266423406817256181e-01 2.098493093616614694e-02 2.408849285554688180e+01
7.568345055586883641e-01 2.280384235791491077e-02 2.476527568746659469e+01
7.853981633974482790e-01 2.264147687137948659e-02 2.546237031379194704e+01
8.124186125847131512e-01 1.896818973396734859e-02 2.617721369435026446e+01
8.379812250083900071e-01 1.371845647028584886e-02 2.690978021157904365e+01
8.621700546672264043e-01 1.285671619258129533e-02 2.766091944832067639e+01
8.850668158886103587e-01 1.488697770150978691e-02 2.842849093992814247e+01
9.067501639682119530e-01 1.704665442825414878e-02 2.921040773346803832e+01
9.272952180016121870e-01 2.061512630415205174e-02 3.000637588050140181e+01
9.467732738181398044e-01 2.417155307232053685e-02 3.081484516521953765e+01
9.652516631899266120e-01 2.355492960264806215e-02 3.163155133724604084e+01
9.827937232473290541e-01 1.684960958547365370e-02 3.245456844778321681e+01
9.994588469612698534e-01 1.457664747860674438e-02 3.329017061684772472e+01
1.015302591529352982e+00 1.830960066983931128e-02 3.413781837821576204e+01
1.030376826524312506e+00 1.647290451839088926e-02 3.499045870737953123e+01
1.044729907798133128e+00 1.314879214839713428e-02 3.584999567927079767e+01
1.058406866484158826e+00 1.103334812359201174e-02 3.671735436805924024e+01
1.071449605114766612e+00 1.661047320986996922e-02 3.759507852726341781e+01
0.000000000000000000e+00 2.246238417641560972e-02 1.900479431559471521e+01
5.258306161094172121e-02 1.893613143406667684e-02 1.902970929722843607e+01
1.048769387302338901e-01 2.311387108234083665e-02 1.911007773669529186e+01
1.566018769820153589e-01 2.387498770964240069e-02 1.924086759312673323e+01
2.074962264352026575e-01 2.249819821135345260e-02 1.942140288691082617e+01
2.573237149710886351e-01 2.443020049647002742e-02 1.965274713338862611e+01
3.058788714048521484e-01 2.960059453595686660e-02 1.993359106592347274e+01
3.529903878269104456e-01 3.138539936580360401e-02 2.025843362939341930e+01
3.985224456664202553e-01 3.301608830200997852e-02 2.062676933651115263e+01
4.423742229767448908e-01 3.319478428099328915e-02 2.103538435626512992e+01
4.844779290370231917e-01 2.326122231545110428e-02 2.147672065153422949e+01
5.247957716501073788e-01 8.086048725215629063e-03 2.195521615813567706e+01
5.633162614919681177e-01 1.269975476750995376e-02 2.247401737702363178e+01
6.000502134017535738e-01 2.240046052216124531e-02 2.302750600311860651e+01
6.350267353903137346e-01 2.640548619476637895e-02 2.360907767536176394e+01
6.682894188305840144e-01 2.047220295355504233e-02 2.421251056250583034e+01
6.998928697192436932e-01 1.780438872392223898e-02 2.484342222867067207e+01
7.298996581517315230e-01 1.633128486621269679e-02 2.549849785560294180e+01
7.583777142101835178e-01 1.791854570511402719e-02 2.617670687782678840e+01
7.853981633974482790e-01 1.413899480588386853e-02 2.687274372121554933e+01
8.110335719191258397e-01 1.129533009203352589e-02 2.758798832915485377e+01
8.353565591193911066e-01 1.079529613808108759e-02 2.832125475810880388e+01
8.584387287005675882e-01 1.326905441769630871e-02 2.907144294252259442e+01
8.803498697402046824e-01 1.392583224114875805e-02 2.983576074029234704e+01
9.011573811182590488e-01 2.031389422092776814e-02 3.061677258420566261e+01
9.209258773829490652e-01 2.664234757082248328e-02 3.141178454976013867e+01
9.397169393235673684e-01 2.695729781144819148e-02 3.221418862688134510e+01
9.575889779203873298e-01 2.030644851592983482e-02 3.302195613686298969e+01
9.745971854974164739e-01 1.880883304460822039e-02 3.384383495887449556e+01
9.907935525872156868e-01 1.991840648962935750e-02 3.467675029682752808e+01
1.006226933126796563e+00 1.483836833102861880e-02 3.551447147538937088e+01
1.020943144118311663e+00 1.235010887355274256e-02 3.636209095755027221e+01
1.034985088834432965e+00 1.208241478366963405e-02 3.721830475120932391e+01
1.048392895078367859e+00 1.668913177643671641e-02 3.808416914318187452e+01
0.000000000000000000e+00 2.166431669138028232e-02 2.000469434419598258e+01
4.995839572194275824e-02 1.696790389790998541e-02 2.002786743460863761e+01
9.966865249116202419e-02 1.826959610546066703e-02 2.010310613763040877e+01
1.488899476094972529e-01 2.141695441560397331e-02 2.022838747725628394e+01
1.973955598498807473e-01 2.419767591740474427e-02 2.040205074401695384e+01
2.449786631268641435e-01 2.370193765234667252e-02 2.062132019861360632e+01
2.914567944778670983e-01 2.762997356981147443e-02 2.088858584505817717e+01
3.366748193867271643e-01 2.723212190481164724e-02 2.119747951782683870e+01
3.805063771123649019e-01 3.114397487481271320e-02 2.155111010290218587e+01
4.228539261329407051e-01 3.288219988388020598e-02 2.194357425549516094e+01
4.636476090008060935e-01 2.783455393754163953e-02 2.236934467904499968e+01
5.028432109278607731e-01 1.219514872433504100e-02 2.282712184362969765e+01
5.404195002705841633e-01 1.365127772133387443e-02 2.332598103002296241e+01
5.763752205911837345e-01 2.279328884974134509e-02 2.385991863509957511e+01
6.107259643892085643e-01 2.946353146652101046e-02 2.442371157276752314e+01
6.435011087932843710e-01 2.196999322310477440e-02 2.500603472120645776e+01
6.747409422235526311e-01 1.627718192817986451e-02 2.561589029698905406e+01
7.044940642422177213e-01 1.360281731121936767e-02 2.625123817980201224e+01
7.328151017865065509e-01 1.682598166397846970e-02 2.691105744824308132e+01
7.597627548757708293e-01 1.355217457138368532e-02 2.758876190530138217e+01
7.853981633974482790e-01 1.202649559983435222e-02 2.828631684110255762e+01
8.097835725701668652e-01 1.269481001394740828e-02 2.900233695084295249e+01
8.329812666744317307e-01 1.366285859206006412e-02 2.973491281463342872e+01
8.550527371260164822e-01 1.248098524810065287e-02 3.048187543439957992e+01
8.760580505981934163e-01 1.978379039498606370e-02 3.124711353871228781e+01
8.960553845713439269e-01 2.785905151624183673e-02 3.202804929624412722e+01
9.151007005533604577e-01 2.773053894628184357e-02 3.281505523157314741e+01
9.332475286562038619e-01 2.241936447612614611e-02 3.360904130002877110e+01
9.505468408120751889e-01 2.196552307882308763e-02 3.441760370940485103e+01
9.670469933974602528e-01 2.129876289612933279e-02 3.523582174703010850e+01
9.827937232473290541e-01 1.359998984533985350e-02 3.605884742047077651e+01
9.978301839061904932e-01 1.285689924222164701e-02 3.689478280057012682e+01
1.012197011451334117e+00 1.368301124401370000e-02 3.773945735422194048e+01
1.025932411343353001e+00 1.634631500368083010e-02 3.859271867442374315e+01
0.000000000000000000e+00 2.249852711407678701e-02 2.100531605028605497e+01
4.758310327698339615e-02 1.936064954194520460e-02 2.102773688178513112e+01
9.495170634275632016e-02 1.631739535988966164e-02 2.109783177423465617e+01
1.418970546041639358e-01 2.095296000718293791e-02 2.121786086714577024e+01
1.882215053047707476e-01 2.684896302499948165e-02 2.138526582764652773e+01
2.337431808689014179e-01 2.569389033406841924e-02 2.159416072611960757e+01
2.782996590051113328e-01 2.545232774323222605e-02 2.184740588984822551e+01
3.217505543966421855e-01 2.081400608855513146e-02 2.214073938514142270e+01
3.639789565096440693e-01 2.414212666580961911e-02 2.247875552063658233e+01
4.048917862850834326e-01 2.639031222682896791e-02 2.285527761851163220e+01
4.444192099010988994e-01 2.553899301644216649e-02 2.326699412084480656e+01
4.825132950224769179e-01 1.406350607901568454e-02 2.370888374124763232e+01
5.191461142465229051e-01 1.517981370460627817e-02 2.418956015217381861e+01
5.543074962015511753e-01 2.261724568987801692e-02 2.470449646773058205e+01
5.880026035475675039e-01 3.122149603964947950e-02 2.525116511682626808e+01
6.202494859828214802e-01 2.556015848144160482e-02 2.581540822523696832e+01
6.510767214444798112e-01 1.977445699241541302e-02 2.640592013890326584e+01
6.805212246672144305e-01 1.581591662743636259e-02 2.702189177325567471e+01
7.086262721276702647e-01 1.725190207060953856e-02 2.766274987596790425e+01
7.354397676755055624e-01 1.060158097483564037e-02 2.832119606155207592e+01
7.610127542247298038e-01 1.045620445058662550e-02 2.900158538928939933e+01
7.853981633974482790e-01 1.449527652121087445e-02 2.970160510249156971e+01
8.086497862079111698e-01 1.645330950138478715e-02 3.041792979869228475e+01
8.308214428190253686e-01 1.266250580772634686e-02 3.114732003733457333e+01
8.519663271732721421e-01 1.908829134372961103e-02 3.189624816597122958e+01
8.721365020734334061e-01 2.665324905338632352e-02 3.266125595550835214e+01
8.913825213870482100e-01 2.601014321644815400e-02 3.343285842147433584e+01
9.097531579442097449e-01 2.277442456795163855e-02 3.421413536777740205e+01
9.272952180016121870e-01 2.316985000153624907e-02 3.500939683602108943e+01
9.440534255838497479e-01 2.153360562428316763e-02 3.581333051121008282e+01
9.600703624056879937e-01 1.324918471680352344e-02 3.662288120686407922e+01
9.753864513161640826e-01 1.372397007245722278e-02 3.744681690279778508e+01
9.900399732272262554e-01 1.404100000478162961e-02 3.827909171137920197e+01
1.004067109271390201e+00 1.390342324843489921e-02 3.911899532248730083e+01
0.000000000000000000e+00 2.442865749251570823e-02 2.200656598499628203e+01
4.542327942157701332e-02 2.436437497815858652e-02 2.202925375539625463e+01
9.065988720074510954e-02 1.656685753416421020e-02 2.209375389936733924e+01
1.355277139855007307e-01 1.955922145424693337e-02 2.220785112842383668e+01
1.798534997924782775e-01 2.927931895102013279e-02 2.237026786504050335e+01
2.234766011406330299e-01 2.956613251016021460e-02 2.257089286960701457e+01
2.662520491509253739e-01 2.551630713650690843e-02 2.281093399254925203e+01
3.080527810237764230e-01 1.529541576405793468e-02 2.308949359912606880e+01
3.487710035839070022e-01 1.885356552700361010e-02 2.341356095446311869e+01
3.883187181724659931e-01 2.060668247480521714e-02 2.377477627476118727e+01
4.266274931268760895e-01 2.241534348370739435e-02 2.417216431618647832e+01
4.636476090008060935e-01 1.479616272909336366e-02 2.459944043722813944e+01
4.993467216801301123e-01 1.754049292182149888e-02 2.506378374671504972e+01
5.337081916392615311e-01 2.233448924702415711e-02 2.556023951295531660e+01
5.667292175235063567e-01 3.228152684281675872e-02 2.609040280522160771e+01
5.984188934785371616e-01 2.754487000017388429e-02 2.663715834306376706e+01
6.287962864154329479e-01 2.144725275453761640e-02 2.720919868447272449e+01
6.578886051822100400e-01 1.625297568353015198e-02 2.780655014634763234e+01
6.857295109062863103e-01 1.854206749907500937e-02 2.843022794078299853e+01
7.123575980943289698e-01 1.194301776739651981e-02 2.907095696061488965e+01
7.378150601204649384e-01 1.263736201103411207e-02 2.973451180719738574e+01
7.621465405869853882e-01 1.767001022495909290e-02 3.041856131039795486e+01
7.853981633974482790e-01 1.828756027823119287e-02 3.111790168275248192e+01
8.076167287241673431e-01 1.243222011528898746e-02 3.183012072727007080e+01
8.288490587889791872e-01 1.693651268822428044e-02 3.256231125617424738e+01
8.491414759301353365e-01 2.334973151236573174e-02 3.331073186955160281e+01
8.685393952858895261e-01 2.319627581451623108e-02 3.406793774102621342e+01
8.870870151605253495e-01 2.182940154946182848e-02 3.483644938565321780e+01
9.048270894157867117e-01 2.296044361677874665e-02 3.561837589988170549e+01
9.218007677983957038e-01 2.090520974559171435e-02 3.640850492096942759e+01
9.380474917927135170e-01 1.347269109072055104e-02 3.720552707535757975e+01
9.536049352545343805e-01 1.357406841990441496e-02 3.801665794971291490e+01
9.685089806599324058e-01 1.305337040005275298e-02 3.883628429745316879e+01
9.827937232473290541e-01 1.071766774758776269e-02 3.966334204065586277e+01
0.000000000000000000e+00 2.233061531757999513e-02 2.300573574010411448e+01
4.345089539153083880e-02 2.708265818192351002e-02 2.303017432550610977e+01
8.673833867598511327e-02 1.903857813546204827e-02 2.309097749877716410e+01
1.297025371559120954e-01 2.257111896634396778e-02 2.320073662900134792e+01
1.721908145229390230e-01 3.266742785315964598e-02 2.335769716143411046e+01
2.140606835638215188e-01 3.369974772155048814e-02 2.355057620304916455e+01
2.551823906208183779e-01 2.412930379124800240e-02 2.377664997200870545e+01
2.954408371437199921e-01 9.846391174040330235e-03 2.404279604252466385e+01
3.347368373168146949e-01 1.130886126350684646e-02 2.435314857343833594e+01
3.729877218000610117e-01 1.379927210767792692e-02 2.470052976947555123e+01
4.101273405414909701e-01 1.668059568808606327e-02 2.508336195287217407e+01
4.461055489434036514e-01 1.571284087192740403e-02 2.549824517702112558e+01
4.808872801953358311e-01 2.055498744732180139e-02 2.594772490345465599e+01
5.144513130590278038e-01 2.311922211404470601e-02 2.642675184137545585e+01
5.467888408892473961e-01 3.007925726701035293e-02 2.693800935670559227e+01
5.779019369622456770e-01 2.671322180433797003e-02 2.746886069025247679e+01
6.078019961139604632e-01 2.195035613591297605e-02 2.802460256203318778e+01
6.365082157879510261e-01 1.666147928592764949e-02 2.860466959840808698e+01
6.640461628266846050e-01 1.781277027690994150e-02 2.921079782739461450e+01
6.904464570546919866e-01 1.123955774142666557e-02 2.983475223770613738e+01
7.157435896688800758e-01 1.383549194932216439e-02 3.048241874678014440e+01
7.399748839758713004e-01 2.157621991585711302e-02 3.115207388684181211e+01
7.631795980707292149e-01 2.239297635237349343e-02 3.183564251022925262e+01
7.853981633974482790e-01 1.431255963852372769e-02 3.253024377756808860e+01
8.066715494215095372e-01 1.586577576001976450e-02 3.324572454352301065e+01
8.270407424960367626e-01 1.985448650461756753e-02 3.397727221406474740e+01
8.465463260467495088e-01 1.912761062192967765e-02 3.471946104805919475e+01
8.652281491096855959e-01 1.777307217891537644e-02 3.547389833910986567e+01
8.831250707561670854e-01 2.042441937136248165e-02 3.624290108945285027e+01
9.002747688143474258e-01 2.087455660514499906e-02 3.702157677636028410e+01
9.167136023805363410e-01 1.518710493138250572e-02 3.780647625609051943e+01
9.324765187858508053e-01 1.321428595921636182e-02 3.860388853661670083e+01
9.475969968608306537e-01 1.029602621400255158e-02 3.941020987385694241e+01
9.621070194674848919e-01 7.886839054452955688e-03 4.022562177744693912e+01
0.000000000000000000e+00 2.214501757794918105e-02 2.400588602435183461e+01
4.164257909858842116e-02 2.926432112451500533e-02 2.403111369335865533e+01
8.314123188844123324e-02 2.297988361096866758e-02 2.408954942270301203e+01
1.243549945467614382e-01 2.649347415351822541e-02 2.419526412665475945e+01
1.651486774146268266e-01 3.650775752894189208e-02 2.434727354141563183e+01
2.053953891897673800e-01 3.630259410207952592e-02 2.453146431179141373e+01
2.449786631268641435e-01 2.143488834195008894e-02 2.474431797942240152e+01
2.837941092083278716e-01 3.076250331629513338e-03 2.500011829191771540e+01
3.217505543966421855e-01 3.420805355322185156e-03 2.529836930081392410e+01
3.587706702705722450e-01 8.623777271298488020e-03 2.563296438585911474e+01
3.947911196997614947e-01 1.363961977183416642e-02 2.600241869744600010e+01
4.297622790966885153e-01 1.710916809640575589e-02 2.640462209907051871e+01
4.636476090008060935e-01 2.266187408305515849e-02 2.683970734230879174e+01
4.964227534048819002e-01 2.306089242280697296e-02 2.730194745899049380e+01
5.280744484263596439e-01 2.679051656128988296e-02 2.779486201018124447e+01
5.585993153435624414e-01 2.394218578427328298e-02 2.831005707095586033e+01
5.880026035475675039e-01 2.128822570967240854e-02 2.885094741639247218e+01
6.162969373960712760e-01 1.686710959481134073e-02 2.941506652468817151e+01
6.435011087932843710e-01 1.841036123337494099e-02 3.000508483911808710e+01
6.696389456766376203e-01 1.186889327747996797e-02 3.061261191364271284e+01
6.947382761967031417e-01 1.436035579279345588e-02 3.124422023697719908e+01
7.188299996216245269e-01 2.103286888716975403e-02 3.189749260959603561e+01
7.419472680059174818e-01 2.270597549616006419e-02 3.256603572576764805e+01
7.641247773733871318e-01 1.549302799430371524e-02 3.324553022479000219e+01
7.853981633974482790e-01 1.414964887542740496e-02 3.394452350029008869e+01
8.058034940839864380e-01 1.516671478920279641e-02 3.465943316740469982e+01
8.253768505207383921e-01 1.479173204103758667e-02 3.538748326348253670e+01
8.441539861131710509e-01 1.539805510872646784e-02 3.612906675444117610e+01
8.621700546672264043e-01 1.998067158658765538e-02 3.688554044041899260e+01
8.794593980254346022e-01 2.183882763226527302e-02 3.765203886872516392e+01
8.960553845713439269e-01 1.581905834120251805e-02 3.842355292936611733e+01
9.119902906774204343e-01 1.078973487367031886e-02 3.920687374602117359e+01
9.272952180016121870e-01 7.765182393248556796e-03 4.000120599145154898e+01
9.420000403794636101e-01 7.173950555428593862e-03 4.080546155980213285e+01
0.000000000000000000e+00 2.317138193994244116e-02 2.500671291352541203e+01
3.997868712329004370e-02 2.877676040372468061e-02 2.503035513403450452e+01
7.982998571223731687e-02 2.332570933439318678e-02 2.508669679286068188e+01
1.194289260183384466e-01 2.529428078469763211e-02 2.518741365613387373e+01
1.586552621864014134e-01 3.270809814874318933e-02 2.533152667731429375e+01
1.973955598498807473e-01 3.238740007574562874e-02 2.550847487536599090e+01
2.355449807208633284e-01 1.846790009462593793e-02 2.571430524307076126e+01
2.730087030867106024e-01 8.313256466503447621e-04 2.596151894252694703e+01
3.097029445424562266e-01 2.922731442548361699e-04 2.624881061794719628e+01
3.455555805817121517e-01 6.862063428478249252e-03 2.657128610194203944e+01
3.805063771123649019e-01 1.295079539686500719e-02 2.692808223484331975e+01
4.145068745847859115e-01 1.787965598452663160e-02 2.731736688775489696e+01
4.475199751571699025e-01 2.161251617567139585e-02 2.773732706016765803e+01
4.795192919925961861e-01 2.032774143747719670e-02 2.818382842622854412e+01
5.104883219167757336e-01 2.192012407482317460e-02 2.865998273200408875e+01
5.404195002705841633e-01 2.129369941911441258e-02 2.916137042255246570e+01
5.693131911006619195e-01 1.934702959241012959e-02 2.968720005762726544e+01
5.971766580926775037e-01 1.473442831849810890e-02 3.023571499421093023e+01
6.240230529767568646e-01 1.593983261043315294e-02 3.080975756347920225e+01
6.498704494119476038e-01 1.323363979360474285e-02 3.140338672142944532e+01
6.747409422235526311e-01 1.630799569246579178e-02 3.201987894778647359e+01
6.986598247214631519e-01 2.078294518143352157e-02 3.265670789992979195e+01
7.216548508647612215e-01 2.160163321111036733e-02 3.330942290578111198e+01
7.437555842988599064e-01 1.565257219818238024e-02 3.397473737452182974e+01
7.649928327109102311e-01 1.263631246960577291e-02 3.465821391479765623e+01
7.853981633974482790e-01 1.190101149297722108e-02 3.535784296745743660e+01
8.050034942546530070e-01 1.191227545154798124e-02 3.607193690900071203e+01
8.238407534186362735e-01 1.332828773264053274e-02 3.680000757410509493e+01
8.419416003422657280e-01 1.875048386357658359e-02 3.754324830461683860e+01
8.593372010553886886e-01 2.102037816388574801e-02 3.829683997658939631e+01
8.760580505981934163e-01 1.437256196675494070e-02 3.905528214540672138e+01
8.921338360465839168e-01 8.412440555269459080e-03 3.982602472224908041e+01
9.075933340888033829e-01 6.680753050014410360e-03 4.060878724018606079e+01
9.224643377076359174e-01 7.382018651337453330e-03 4.140161115767242705e+01
0.000000000000000000e+00 2.387375721929752351e-02 2.600741119170195859e+01
3.844259002118798063e-02 2.729834308504576826e-02 2.602892143033760775e+01
7.677189126977804201e-02 2.327669473305112730e-02 2.608387548256336430e+01
1.148766054168991330e-01 2.541745900609264364e-02 2.618096126996227824e+01
1.526493283952651547e-01 2.876192437143270872e-02 2.631677738014151657e+01
1.899882879187157203e-01 2.696172663166516298e-02 2.648603081406109183e+01
2.267988480538858653e-01 1.663346824827996798e-02 2.668701982225877245e+01
2.629947316809195246e-01 2.522967354669732043e-03 2.692590973223897421e+01
2.984989315861792947e-01 2.895802852635671106e-03 2.720305507536921041e+01
3.332443011116726916e-01 1.020111779737960939e-02 2.751506461937276171e+01
3.671738338182192196e-01 1.610465611015261117e-02 2.786038941086173892e+01
4.002406570339741565e-01 1.856280801091583776e-02 2.823605304639920632e+01
4.324077755705378334e-01 1.925747245908264113e-02 2.864095271460321612e+01
4.636476090008060935e-01 1.797636327065554526e-02 2.907358113958504475e+01
4.939413689195812363e-01 1.983871711499825274e-02 2.953545813433082401e+01
5.232783221319755596e-01 2.217012595791466312e-02 3.002404036275522259e+01
5.516549825285468334e-01 2.064833430277144763e-02 3.053518420820380541e+01
5.790742693677308761e-01 1.550640352086093791e-02 3.106818420910058265e+01
6.055446636049700571e-01 1.590540598726439270e-02 3.162677701904371474e+01
6.310793874713293006e-01 1.558652143530006758e-02 3.220639640235159362e+01
6.556956262415362113e-01 1.746596978565189903e-02 3.280744292742077306e+01
6.794138054078484590e-01 1.928461492525834764e-02 3.342776557388619807e+01
7.022569315090070319e-01 1.979574395878115969e-02 3.406544715246614174e+01
7.242500007481470492e-01 1.611333922802664700e-02 3.471761685373429884e+01
7.454194762741582769e-01 1.231006881295965832e-02 3.538629317245586492e+01
7.657928325402436620e-01 1.088686039389945293e-02 3.607151523788187575e+01
7.853981633974482790e-01 1.000770035536846687e-02 3.677139400865049623e+01
8.042638494191191034e-01 1.105793705810413294e-02 3.748562143751324527e+01
8.224182792713783385e-01 1.697513664096961944e-02 3.821545220873147741e+01
8.398896196381795409e-01 2.041784801733400809e-02 3.895680422838280776e+01
8.567056281827386544e-01 1.339335655742781954e-02 3.970242737973948977e+01
8.728935041998395761e-01 5.885168885836637200e-03 4.046055732627227286e+01
8.884797719201484867e-01 4.995083005437724044e-03 4.123157063656142185e+01
9.034901918165423318e-01 7.570450431149907712e-03 4.201310699115656178e+01
0.000000000000000000e+00 2.459401227215755534e-02 2.700816774191639880e+01
3.702011587393002484e-02 2.671368763303528029e-02 2.702815552985092040e+01
7.393903765794034022e-02 2.438992390275970118e-02 2.708202746306840680e+01
1.106572211738956479e-01 2.393316753982231357e-02 2.717393761122648854e+01
1.470783553884024986e-01 2.224744306790092663e-02 2.730144425673029573e+01
1.831108172624841268e-01 1.961370831201049783e-02 2.746434299892310094e+01
2.186689458739419500e-01 1.617805179805905172e-02 2.766225330485061917e+01
2.536740961386427240e-01 7.219938436646430348e-03 2.789337836499880652e+01
2.880554470506258569e-01 6.957220113464539051e-03 2.816093721358719648e+01
3.217505543966421855e-01 1.324152546026968053e-02 2.846299422724653994e+01
3.547056520109403421e-01 2.115066054422248126e-02 2.879880143591050512e+01
3.868757177310280793e-01 2.214786287435489137e-02 2.916191154645511929e+01
4.182243295792291149e-01 1.921436620309428106e-02 2.955202842185303425e+01
4.487233440107211146e-01 1.721305042230486179e-02 2.997108807134407016e+01
4.783524313786575721e-01 1.905698331466341988e-02 3.041933615838572180e+01
5.070985043923369462e-01 2.298438558680344565e-02 3.089505071300083117e+01
5.349550737860964134e-01 2.118193145172471079e-02 3.139175172450497442e+01
5.619215622568153323e-01 1.527714790856220944e-02 3.190983593288364162e+01
5.880026035475675039e-01 1.401945193203914947e-02 3.245315067971738898e+01
6.132073488745093393e-01 1.503844979144357275e-02 3.301888166020361126e+01
6.375487981386926961e-01 1.614143397190988954e-02 3.360497295657676631e+01
6.610431688506869241e-01 1.598988895582541953e-02 3.420963596062512124e+01
6.837093116343713195e-01 1.734193149789582319e-02 3.483338734479543319e+01
7.055681776852109621e-01 1.568784153935120357e-02 3.547266067180112259e+01
7.266423406817256181e-01 1.231995874061548625e-02 3.612752544459313242e+01
7.469555733762602845e-01 1.189260559411553682e-02 3.679934129554292355e+01
7.665324773757775656e-01 1.211049721508154244e-02 3.748607852617223557e+01
7.853981633974482790e-01 1.281358302607051372e-02 3.818690105491702980e+01
8.035779784704265571e-01 1.702281039028717691e-02 3.890293711162637180e+01
8.210972760767722978e-01 1.985107293747780458e-02 3.963103385949287372e+01
8.379812250083900071e-01 1.255050262532570599e-02 4.036405107358984878e+01
8.542546526984928779e-01 5.648987289172595003e-03 4.111026551646580174e+01
8.699419189104464767e-01 5.831895520478590916e-03 4.186955484172572994e+01
8.850668158886103587e-01 9.211132270432090263e-03 4.263982008473193019e+01
0.000000000000000000e+00 2.273896691340797707e-02 2.800724040850751706e+01
3.569911267932397020e-02 2.293301191616428994e-02 2.802522068383154163e+01
7.130746478529031984e-02 2.117315647425984174e-02 2.807763109699952508e+01
1.067356726491356517e-01 1.946296573291166412e-02 2.816559017411208998e+01
1.418970546041639358e-01 1.439583437927992142e-02 2.828720231741739610e+01
1.767088560700366129e-01 1.316480199754632187e-02 2.844539023495701002e+01
2.110933332227465375e-01 1.762410385104718272e-02 2.864008994679572950e+01
2.449786631268641435e-01 1.371195167473461020e-02 2.886445284965357416e+01
2.782996590051113328e-01 1.350924680720765221e-02 2.912309699565679466e+01
3.109982806055409665e-01 1.797752871371856298e-02 2.941563565395789226e+01
3.430239404207033882e-01 2.557114424750024304e-02 2.974186081960002070e+01
3.743336160075839136e-01 2.317320811764638291e-02 3.009129702819247143e+01
4.048917862850834326e-01 1.743228718357292192e-02 3.046772164248220705e+01
4.346702151492448096e-01 1.521259165162091448e-02 3.087427051927054222e+01
4.636476090008060935e-01 1.853782247881707521e-02 3.131033144213003183e+01
4.918091759886985548e-01 2.390546415561848118e-02 3.177383883334917769e+01
5.191461142465229051e-01 2.117784745640796662e-02 3.225626420981785714e+01
5.456550545269917007e-01 1.455348345232939863e-02 3.276014801032221158e+01
5.713374798336268157e-01 1.264203015326547004e-02 3.328929408166712278e+01
5.961991412974800841e-01 1.451526260313768663e-02 3.384141364070067226e+01
6.202494859828214802e-01 1.347187205000829890e-02 3.441242379933534323e+01
6.435011087932843710e-01 1.181810040565937740e-02 3.500244432344766210e+01
6.659692373791098463e-01 1.447092231866961912e-02 3.561271635106171374e+01
6.876712560387295836e-01 1.547292217875501086e-02 3.623967987224936849e+01
7.086262721276702647e-01 1.340275557163214844e-02 3.688149036176537265e+01
7.288547264526309410e-01 1.389594059283685672e-02 3.754027316008405535e+01
7.483780475235183305e-01 1.444915776222028582e-02 3.821393539724271449e+01
7.672183483244700009e-01 1.394020484340047217e-02 3.890108042642287955e+01
7.853981633974482790e-01 1.604518016591587395e-02 3.960307749979574510e+01
8.029402234548508321e-01 1.801826206278444795e-02 4.031783331330997555e+01
8.198672643969563412e-01 1.205980313431824144e-02 4.103955339395493240e+01
8.362018674556699338e-01 6.973802829850675455e-03 4.177421296628306635e+01
8.519663271732721421e-01 6.925601788362550568e-03 4.252160299909813546e+01
8.671825440154442566e-01 9.937897609235437496e-03 4.328030721989042462e+01
0.000000000000000000e+00 1.890827296160734958e-02 2.900518485277615710e+01
3.446910099950801359e-02 1.958862906567312642e-02 2.902280431285237583e+01
6.885648930104459886e-02 1.924800073297103578e-02 2.907426933929428259e+01
1.030816085227002354e-01 1.708951074944671869e-02 2.915901733619084268e+01
1.370661743101876384e-01 8.568483155407676313e-03 2.927563702261965162e+01
1.707352114752828109e-01 8.116518249604295215e-03 2.942884728866858524e+01
2.040179795925485817e-01 1.754433736586093889e-02 2.961874405359359841e+01
2.368487609469202559e-01 1.823121276229044269e-02 2.983782634838365766e+01
2.691674927857004573e-01 1.812750108699207746e-02 3.008816135723324336e+01
3.009202343604250873e-01 2.147848318817885058e-02 3.037145819218276799e+01
3.320594675428854559e-01 2.804792728961289991e-02 3.068779334119922098e+01
3.625442372645075739e-01 2.447546820217548491e-02 3.102541724015238955e+01
3.923401442155157737e-01 1.726306437285987302e-02 3.138938676559939367e+01
4.214192068878042097e-01 1.463913100542620603e-02 3.178390281456330513e+01
4.497596130698390260e-01 1.723602226331118897e-02 3.220726833287405100e+01
4.773453823736719115e-01 2.381624227311968447e-02 3.265891728452100295e+01
5.041659614791530464e-01 2.239213219183662507e-02 3.312929561636052256e+01
5.302157727766299011e-01 1.670221355155274146e-02 3.362016192530502678e+01
5.554937352655435756e-01 1.321546634116271476e-02 3.413507710924039174e+01
5.800027742076808712e-01 1.256808076019760162e-02 3.467260999540418709e+01
6.037493333974364162e-01 9.934412156805587715e-03 3.522956834119715097e+01
6.267429012110469211e-01 7.468392142905575307e-03 3.580602614952827167e+01
6.489955589965008542e-01 1.169301882243531897e-02 3.640303805148197114e+01
6.705215579805491322e-01 1.420030944337893550e-02 3.701724322504813358e+01
6.913369287694619558e-01 1.527970631390325289e-02 3.764745512878603506e+01
7.114591257395079804e-01 1.699186331815620218e-02 3.829390747909268811e+01
7.309067071567171281e-01 1.733022643477734326e-02 3.895453378089799656e+01
7.496990507181243713e-01 1.541765508529094851e-02 3.962793528013659738e+01
7.678561033400458369e-01 1.516443525609854036e-02 4.031592417957140384e+01
7.853981633974482790e-01 1.536911266667350534e-02 4.101703752297321159e+01
8.023456932038531830e-01 1.072522945469120068e-02 4.172769204666188614e+01
8.187191592756954961e-01 7.938738915852479663e-03 4.245130826317389250e+01
8.345388978134684610e-01 7.740959737573331785e-03 4.318693969069958882e+01
8.498250028230018849e-01 1.003422168142842005e-02 4.393397701394236776e+01
